{
 "cells": [
  {
   "cell_type": "markdown",
   "id": "c886bc1a",
   "metadata": {},
   "source": [
    "***Plot the probability distributions of the pose of a marker***\n",
    "Each observation implies a marker position in the world frame, if the nominal robot model is assumed exact. This script calculates the would be pose of the marker from each observation, and plots a curve approximateing an underlying PDF"
   ]
  },
  {
   "cell_type": "code",
   "execution_count": 1,
   "id": "5d168694",
   "metadata": {},
   "outputs": [],
   "source": [
    "import pickle\n",
    "import numpy as np\n",
    "from parameter_estimator import ParameterEstimator\n",
    "import utils\n",
    "import pandas as pd\n",
    "import seaborn as sns\n",
    "import matplotlib.pyplot as plt\n",
    "from robot import *\n",
    "from scipy.spatial.transform import Rotation as R\n",
    "from pytransform3d.transform_manager import *"
   ]
  },
  {
   "cell_type": "code",
   "execution_count": 2,
   "id": "6e2347e8",
   "metadata": {},
   "outputs": [
    {
     "name": "stdout",
     "output_type": "stream",
     "text": [
      "1: [1.93185165 0.         0.51763809 0.         0.26179939 0.        ]\n",
      "2: [1.41421356 0.         1.41421356 0.         0.78539816 0.        ]\n",
      "3: [0.51763809 0.         1.93185165 0.         1.30899694 0.        ]\n",
      "4: [1.2044898  1.51038244 0.51763809 0.         0.26179939 0.8975979 ]\n",
      "5: [0.88174773 1.10567669 1.41421356 0.         0.78539816 0.8975979 ]\n",
      "6: [0.32274207 0.40470576 1.93185165 0.         1.30899694 0.8975979 ]\n",
      "7: [-0.42987743  1.8834161   0.51763809  0.          0.26179939  1.7951958 ]\n",
      "8: [-0.31469212  1.37875628  1.41421356  0.          0.78539816  1.7951958 ]\n",
      "9: [-0.11518531  0.50465982  1.93185165  0.          1.30899694  1.7951958 ]\n",
      "10: [-1.7405382   0.83819902  0.51763809  0.          0.26179939  2.6927937 ]\n",
      "11: [-1.27416239  0.61360427  1.41421356  0.          0.78539816  2.6927937 ]\n",
      "12: [-0.4663758   0.22459475  1.93185165  0.          1.30899694  2.6927937 ]\n",
      "13: [-1.7405382  -0.83819902  0.51763809  0.          0.26179939  3.5903916 ]\n",
      "14: [-1.27416239 -0.61360427  1.41421356  0.          0.78539816  3.5903916 ]\n",
      "15: [-0.4663758  -0.22459475  1.93185165  0.          1.30899694  3.5903916 ]\n",
      "16: [-0.42987743 -1.8834161   0.51763809  0.          0.26179939  4.48798951]\n",
      "17: [-0.31469212 -1.37875628  1.41421356  0.          0.78539816  4.48798951]\n",
      "18: [-0.11518531 -0.50465982  1.93185165  0.          1.30899694  4.48798951]\n",
      "19: [ 1.2044898  -1.51038244  0.51763809  0.          0.26179939  5.38558741]\n",
      "20: [ 0.88174773 -1.10567669  1.41421356  0.          0.78539816  5.38558741]\n",
      "21: [ 0.32274207 -0.40470576  1.93185165  0.          1.30899694  5.38558741]\n"
     ]
    }
   ],
   "source": [
    "# import nominal positions of markers\n",
    "with open('points.p', 'rb') as f:\n",
    "    pointlist = pickle.load(f)  # deserialize using load()\n",
    "\n",
    "nominal_locations = {}\n",
    "nominal_locations_rounded = {}\n",
    "for i, point in enumerate(np.array(pointlist).T):\n",
    "    nominal_locations[i+1] = np.concatenate((point[0:3], np.zeros(1), point[3:5]))\n",
    "    nominal_locations_rounded[i+1] = np.around(nominal_locations[i+1], 4)\n",
    "    print(f\"{i+1}: {nominal_locations[i+1]}\")\n",
    "#     print(f\"{i+1}: {nominal_locations_rounded[i+1]}\\n\")\n",
    "\n",
    "    "
   ]
  },
  {
   "cell_type": "code",
   "execution_count": 19,
   "id": "29213e2b",
   "metadata": {},
   "outputs": [
    {
     "name": "stdout",
     "output_type": "stream",
     "text": [
      "1\n",
      "[1.93185165 0.         0.51763809 0.         0.26179939 0.        ]\n",
      " 1.000  0.000  0.000  0.300 \n",
      " 0.000  1.000  0.000  0.000 \n",
      " 0.000  0.000  1.000  0.000 \n",
      " 0.000  0.000  0.000  1.000 \n",
      "\n",
      "\n",
      " 0.966  0.000  0.259  2.232 \n",
      " 0.000  1.000  0.000  0.000 \n",
      "-0.259  0.000  0.966  0.518 \n",
      " 0.000  0.000  0.000  1.000 \n",
      "\n",
      "\n",
      "[2.23185165 0.         0.51763809 0.         0.         0.26179939]\n",
      "2\n",
      "[1.41421356 0.         1.41421356 0.         0.78539816 0.        ]\n",
      " 1.000  0.000  0.000  0.300 \n",
      " 0.000  1.000  0.000  0.000 \n",
      " 0.000  0.000  1.000  0.000 \n",
      " 0.000  0.000  0.000  1.000 \n",
      "\n",
      "\n",
      " 0.707  0.000  0.707  1.714 \n",
      " 0.000  1.000  0.000  0.000 \n",
      "-0.707  0.000  0.707  1.414 \n",
      " 0.000  0.000  0.000  1.000 \n",
      "\n",
      "\n",
      "[1.71421356 0.         1.41421356 0.         0.         0.78539816]\n",
      "3\n",
      "[0.51763809 0.         1.93185165 0.         1.30899694 0.        ]\n",
      " 1.000  0.000  0.000  0.300 \n",
      " 0.000  1.000  0.000  0.000 \n",
      " 0.000  0.000  1.000  0.000 \n",
      " 0.000  0.000  0.000  1.000 \n",
      "\n",
      "\n",
      " 0.259  0.000  0.966  0.818 \n",
      " 0.000  1.000  0.000  0.000 \n",
      "-0.966  0.000  0.259  1.932 \n",
      " 0.000  0.000  0.000  1.000 \n",
      "\n",
      "\n",
      "[0.81763809 0.         1.93185165 0.         0.         1.30899694]\n",
      "4\n",
      "[1.2044898  1.51038244 0.51763809 0.         0.26179939 0.8975979 ]\n",
      " 1.000  0.000  0.000  0.300 \n",
      " 0.000  1.000  0.000  0.000 \n",
      " 0.000  0.000  1.000  0.000 \n",
      " 0.000  0.000  0.000  1.000 \n",
      "\n",
      "\n",
      " 0.602 -0.782  0.161  1.504 \n",
      " 0.755  0.623  0.202  1.510 \n",
      "-0.259  0.000  0.966  0.518 \n",
      " 0.000  0.000  0.000  1.000 \n",
      "\n",
      "\n",
      "[ 1.5044898   1.51038244  0.51763809  0.88063628 -0.20375991  0.16553485]\n",
      "5\n",
      "[0.88174773 1.10567669 1.41421356 0.         0.78539816 0.8975979 ]\n",
      " 1.000  0.000  0.000  0.300 \n",
      " 0.000  1.000  0.000  0.000 \n",
      " 0.000  0.000  1.000  0.000 \n",
      " 0.000  0.000  0.000  1.000 \n",
      "\n",
      "\n",
      " 0.441 -0.782  0.441  1.182 \n",
      " 0.553  0.623  0.553  1.106 \n",
      "-0.707  0.000  0.707  1.414 \n",
      " 0.000  0.000  0.000  1.000 \n",
      "\n",
      "\n",
      "[ 1.18174773  1.10567669  1.41421356  0.72540922 -0.5857666   0.55751259]\n",
      "6\n",
      "[0.32274207 0.40470576 1.93185165 0.         1.30899694 0.8975979 ]\n",
      " 1.000  0.000  0.000  0.300 \n",
      " 0.000  1.000  0.000  0.000 \n",
      " 0.000  0.000  1.000  0.000 \n",
      " 0.000  0.000  0.000  1.000 \n",
      "\n",
      "\n",
      " 0.161 -0.782  0.602  0.623 \n",
      " 0.202  0.623  0.755  0.405 \n",
      "-0.966  0.000  0.259  1.932 \n",
      " 0.000  0.000  0.000  1.000 \n",
      "\n",
      "\n",
      "[ 0.62274207  0.40470576  1.93185165  0.31382377 -0.85594579  1.16490325]\n",
      "7\n",
      "[-0.42987743  1.8834161   0.51763809  0.          0.26179939  1.7951958 ]\n",
      " 1.000  0.000  0.000  0.300 \n",
      " 0.000  1.000  0.000  0.000 \n",
      " 0.000  0.000  1.000  0.000 \n",
      " 0.000  0.000  0.000  1.000 \n",
      "\n",
      "\n",
      "-0.215 -0.975 -0.058 -0.130 \n",
      " 0.942 -0.223  0.252  1.883 \n",
      "-0.259  0.000  0.966  0.518 \n",
      " 0.000  0.000  0.000  1.000 \n",
      "\n",
      "\n",
      "[-0.12987743  1.8834161   0.51763809  1.80283519 -0.25508733 -0.0595538 ]\n",
      "8\n",
      "[-0.31469212  1.37875628  1.41421356  0.          0.78539816  1.7951958 ]\n",
      " 1.000  0.000  0.000  0.300 \n",
      " 0.000  1.000  0.000  0.000 \n",
      " 0.000  0.000  1.000  0.000 \n",
      " 0.000  0.000  0.000  1.000 \n",
      "\n",
      "\n",
      "-0.157 -0.975 -0.157 -0.015 \n",
      " 0.689 -0.223  0.689  1.379 \n",
      "-0.707  0.000  0.707  1.414 \n",
      " 0.000  0.000  0.000  1.000 \n",
      "\n",
      "\n",
      "[-0.01469212  1.37875628  1.41421356  1.88302355 -0.76063025 -0.21895358]\n",
      "9\n",
      "[-0.11518531  0.50465982  1.93185165  0.          1.30899694  1.7951958 ]\n",
      " 1.000  0.000  0.000  0.300 \n",
      " 0.000  1.000  0.000  0.000 \n",
      " 0.000  0.000  1.000  0.000 \n",
      " 0.000  0.000  0.000  1.000 \n",
      "\n",
      "\n",
      "-0.058 -0.975 -0.215  0.185 \n",
      " 0.252 -0.223  0.942  0.505 \n",
      "-0.966  0.000  0.259  1.932 \n",
      " 0.000  0.000  0.000  1.000 \n",
      "\n",
      "\n",
      "[ 0.18481469  0.50465982  1.93185165  2.2935013  -1.22767172 -0.6930398 ]\n",
      "10\n",
      "[-1.7405382   0.83819902  0.51763809  0.          0.26179939  2.6927937 ]\n",
      " 1.000  0.000  0.000  0.300 \n",
      " 0.000  1.000  0.000  0.000 \n",
      " 0.000  0.000  1.000  0.000 \n",
      " 0.000  0.000  0.000  1.000 \n",
      "\n",
      "\n",
      "-0.870 -0.434 -0.233 -1.441 \n",
      " 0.419 -0.901  0.112  0.838 \n",
      "-0.259  0.000  0.966  0.518 \n",
      " 0.000  0.000  0.000  1.000 \n",
      "\n",
      "\n",
      "[-1.4405382   0.83819902  0.51763809  2.70619903 -0.11253475 -0.23688143]\n",
      "11\n",
      "[-1.27416239  0.61360427  1.41421356  0.          0.78539816  2.6927937 ]\n",
      " 1.000  0.000  0.000  0.300 \n",
      " 0.000  1.000  0.000  0.000 \n",
      " 0.000  0.000  1.000  0.000 \n",
      " 0.000  0.000  0.000  1.000 \n",
      "\n",
      "\n",
      "-0.637 -0.434 -0.637 -0.974 \n",
      " 0.307 -0.901  0.307  0.614 \n",
      "-0.707  0.000  0.707  1.414 \n",
      " 0.000  0.000  0.000  1.000 \n",
      "\n",
      "\n",
      "[-0.97416239  0.61360427  1.41421356  2.81338391 -0.3118313  -0.73335013]\n",
      "12\n",
      "[-0.4663758   0.22459475  1.93185165  0.          1.30899694  2.6927937 ]\n",
      " 1.000  0.000  0.000  0.300 \n",
      " 0.000  1.000  0.000  0.000 \n",
      " 0.000  0.000  1.000  0.000 \n",
      " 0.000  0.000  0.000  1.000 \n",
      "\n",
      "\n",
      "-0.233 -0.434 -0.870 -0.166 \n",
      " 0.112 -0.901  0.419  0.225 \n",
      "-0.966  0.000  0.259  1.932 \n",
      " 0.000  0.000  0.000  1.000 \n",
      "\n",
      "\n",
      "[-0.1663758   0.22459475  1.93185165  3.01759146 -0.4324533  -1.28172549]\n",
      "13\n",
      "[-1.7405382  -0.83819902  0.51763809  0.          0.26179939  3.5903916 ]\n",
      " 1.000  0.000  0.000  0.300 \n",
      " 0.000  1.000  0.000  0.000 \n",
      " 0.000  0.000  1.000  0.000 \n",
      " 0.000  0.000  0.000  1.000 \n",
      "\n",
      "\n",
      "-0.870  0.434 -0.233 -1.441 \n",
      "-0.419 -0.901 -0.112 -0.838 \n",
      "-0.259  0.000  0.966  0.518 \n",
      " 0.000  0.000  0.000  1.000 \n",
      "\n",
      "\n",
      "[-1.4405382  -0.83819902  0.51763809 -2.70619903  0.11253475 -0.23688143]\n",
      "14\n",
      "[-1.27416239 -0.61360427  1.41421356  0.          0.78539816  3.5903916 ]\n",
      " 1.000  0.000  0.000  0.300 \n",
      " 0.000  1.000  0.000  0.000 \n",
      " 0.000  0.000  1.000  0.000 \n",
      " 0.000  0.000  0.000  1.000 \n",
      "\n",
      "\n",
      "-0.637  0.434 -0.637 -0.974 \n",
      "-0.307 -0.901 -0.307 -0.614 \n",
      "-0.707  0.000  0.707  1.414 \n",
      " 0.000  0.000  0.000  1.000 \n",
      "\n",
      "\n",
      "[-0.97416239 -0.61360427  1.41421356 -2.81338391  0.3118313  -0.73335013]\n",
      "15\n",
      "[-0.4663758  -0.22459475  1.93185165  0.          1.30899694  3.5903916 ]\n",
      " 1.000  0.000  0.000  0.300 \n",
      " 0.000  1.000  0.000  0.000 \n",
      " 0.000  0.000  1.000  0.000 \n",
      " 0.000  0.000  0.000  1.000 \n",
      "\n",
      "\n",
      "-0.233  0.434 -0.870 -0.166 \n",
      "-0.112 -0.901 -0.419 -0.225 \n",
      "-0.966  0.000  0.259  1.932 \n",
      " 0.000  0.000  0.000  1.000 \n",
      "\n",
      "\n",
      "[-0.1663758  -0.22459475  1.93185165 -3.01759146  0.4324533  -1.28172549]\n",
      "16\n",
      "[-0.42987743 -1.8834161   0.51763809  0.          0.26179939  4.48798951]\n",
      " 1.000  0.000  0.000  0.300 \n",
      " 0.000  1.000  0.000  0.000 \n",
      " 0.000  0.000  1.000  0.000 \n",
      " 0.000  0.000  0.000  1.000 \n",
      "\n",
      "\n",
      "-0.215  0.975 -0.058 -0.130 \n",
      "-0.942 -0.223 -0.252 -1.883 \n",
      "-0.259  0.000  0.966  0.518 \n",
      " 0.000  0.000  0.000  1.000 \n",
      "\n",
      "\n",
      "[-0.12987743 -1.8834161   0.51763809 -1.80283519  0.25508733 -0.0595538 ]\n",
      "17\n",
      "[-0.31469212 -1.37875628  1.41421356  0.          0.78539816  4.48798951]\n",
      " 1.000  0.000  0.000  0.300 \n",
      " 0.000  1.000  0.000  0.000 \n",
      " 0.000  0.000  1.000  0.000 \n",
      " 0.000  0.000  0.000  1.000 \n",
      "\n",
      "\n",
      "-0.157  0.975 -0.157 -0.015 \n",
      "-0.689 -0.223 -0.689 -1.379 \n",
      "-0.707  0.000  0.707  1.414 \n",
      " 0.000  0.000  0.000  1.000 \n",
      "\n",
      "\n",
      "[-0.01469212 -1.37875628  1.41421356 -1.88302355  0.76063025 -0.21895358]\n",
      "18\n",
      "[-0.11518531 -0.50465982  1.93185165  0.          1.30899694  4.48798951]\n",
      " 1.000  0.000  0.000  0.300 \n",
      " 0.000  1.000  0.000  0.000 \n",
      " 0.000  0.000  1.000  0.000 \n",
      " 0.000  0.000  0.000  1.000 \n",
      "\n",
      "\n",
      "-0.058  0.975 -0.215  0.185 \n",
      "-0.252 -0.223 -0.942 -0.505 \n",
      "-0.966  0.000  0.259  1.932 \n",
      " 0.000  0.000  0.000  1.000 \n",
      "\n",
      "\n",
      "[ 0.18481469 -0.50465982  1.93185165 -2.2935013   1.22767172 -0.6930398 ]\n",
      "19\n",
      "[ 1.2044898  -1.51038244  0.51763809  0.          0.26179939  5.38558741]\n",
      " 1.000  0.000  0.000  0.300 \n",
      " 0.000  1.000  0.000  0.000 \n",
      " 0.000  0.000  1.000  0.000 \n",
      " 0.000  0.000  0.000  1.000 \n",
      "\n",
      "\n",
      " 0.602  0.782  0.161  1.504 \n",
      "-0.755  0.623 -0.202 -1.510 \n",
      "-0.259  0.000  0.966  0.518 \n",
      " 0.000  0.000  0.000  1.000 \n",
      "\n",
      "\n",
      "[ 1.5044898  -1.51038244  0.51763809 -0.88063628  0.20375991  0.16553485]\n",
      "20\n",
      "[ 0.88174773 -1.10567669  1.41421356  0.          0.78539816  5.38558741]\n",
      " 1.000  0.000  0.000  0.300 \n",
      " 0.000  1.000  0.000  0.000 \n",
      " 0.000  0.000  1.000  0.000 \n",
      " 0.000  0.000  0.000  1.000 \n",
      "\n",
      "\n",
      " 0.441  0.782  0.441  1.182 \n",
      "-0.553  0.623 -0.553 -1.106 \n",
      "-0.707  0.000  0.707  1.414 \n",
      " 0.000  0.000  0.000  1.000 \n",
      "\n",
      "\n",
      "[ 1.18174773 -1.10567669  1.41421356 -0.72540922  0.5857666   0.55751259]\n",
      "21\n",
      "[ 0.32274207 -0.40470576  1.93185165  0.          1.30899694  5.38558741]\n",
      " 1.000  0.000  0.000  0.300 \n",
      " 0.000  1.000  0.000  0.000 \n",
      " 0.000  0.000  1.000  0.000 \n",
      " 0.000  0.000  0.000  1.000 \n",
      "\n",
      "\n",
      " 0.161  0.782  0.602  0.623 \n",
      "-0.202  0.623 -0.755 -0.405 \n",
      "-0.966  0.000  0.259  1.932 \n",
      " 0.000  0.000  0.000  1.000 \n",
      "\n",
      "\n",
      "[ 0.62274207 -0.40470576  1.93185165 -0.31382377  0.85594579  1.16490325]\n"
     ]
    }
   ],
   "source": [
    "from pytransform3d.transformations import concat\n",
    "\n",
    "for marker_id in nominal_locations.keys():\n",
    "    print(marker_id)\n",
    "    # transform to marker\n",
    "    location = nominal_locations[marker_id]\n",
    "    print(location)\n",
    "    r = R.from_euler('xyz', location[3:])\n",
    "    rot = r.as_matrix()\n",
    "    t = location[0:3]\n",
    "    H = utils.merge_H_transform(rot, t)\n",
    "    #utils.roundprint(H)\n",
    "    \n",
    "    # generate some relative poses for the camera to go, a\n",
    "    for i in range(1):\n",
    "        #cam_rel_t = np.concatenate([np.random.uniform(-0.1,0.1,(1,)), np.array([-0.3]), np.random.uniform(-0.1,0.1,(1,))])\n",
    "        cam_rel_t = np.concatenate([np.array([-0.3, 0, 0])])\n",
    "        #cam_rel_r = np.random.uniform(-0.07,0.07,(3,))\n",
    "        cam_rel_r = np.zeros(3)\n",
    "        r = R.from_euler('xyz', cam_rel_r)\n",
    "        rot = r.as_matrix()\n",
    "        t = cam_rel_t\n",
    "        cam_rel_H = utils.merge_H_transform(rot, t)\n",
    "\n",
    "        utils.roundprint(cam_rel_H)\n",
    "        \n",
    "        # apply these relative transforms to the poses\n",
    "        cam_pose = concat(H, cam_rel_H)\n",
    "        utils.roundprint(cam_pose)\n",
    "        \n",
    "        # split into translation and euler \n",
    "        rot, tvec = utils.split_H_transform(cam_pose)\n",
    "        r = R.from_matrix(rot)\n",
    "        rotvec = r.as_euler('zxy')\n",
    "        location = np.concatenate([tvec, rotvec])\n",
    "        print(location)"
   ]
  },
  {
   "cell_type": "code",
   "execution_count": null,
   "id": "ab005e2b",
   "metadata": {},
   "outputs": [],
   "source": []
  },
  {
   "cell_type": "code",
   "execution_count": null,
   "id": "5fd6f6d9",
   "metadata": {},
   "outputs": [],
   "source": []
  }
 ],
 "metadata": {
  "kernelspec": {
   "display_name": "Python 3 (ipykernel)",
   "language": "python",
   "name": "python3"
  },
  "language_info": {
   "codemirror_mode": {
    "name": "ipython",
    "version": 3
   },
   "file_extension": ".py",
   "mimetype": "text/x-python",
   "name": "python",
   "nbconvert_exporter": "python",
   "pygments_lexer": "ipython3",
   "version": "3.8.10"
  }
 },
 "nbformat": 4,
 "nbformat_minor": 5
}
