{
 "cells": [
  {
   "cell_type": "code",
   "execution_count": 12,
   "id": "e76fb88c",
   "metadata": {},
   "outputs": [],
   "source": [
    "import pandas as pd\n",
    "import numpy as np\n",
    "import pickle\n",
    "import utils"
   ]
  },
  {
   "cell_type": "code",
   "execution_count": 14,
   "id": "9c33dcb2",
   "metadata": {},
   "outputs": [
    {
     "name": "stdout",
     "output_type": "stream",
     "text": [
      "      marker_id                                                mat      t  \\\n",
      "0             2  [[-0.6512959642736411, 0.10584934278182084, 0....   32.2   \n",
      "1             2  [[-0.6219646738877594, 0.13994134799481425, 0....   32.4   \n",
      "2             2  [[-0.586827628389369, 0.17561501094231632, 0.7...   32.6   \n",
      "3             1  [[-0.8596319172505427, 0.20944688727684876, 0....   32.8   \n",
      "4             2  [[-0.5520186946789184, 0.20810937543488303, 0....   32.8   \n",
      "...         ...                                                ...    ...   \n",
      "1008          4  [[-0.8548456123773195, -0.11758664681680067, 0...  267.6   \n",
      "1009          4  [[-0.8573968887430287, -0.11705664318983587, 0...  267.8   \n",
      "1010          4  [[-0.857574609538824, -0.1154735421995034, 0.5...  268.0   \n",
      "1011          4  [[-0.8589465995702666, -0.10754760359722929, 0...  268.2   \n",
      "1012          4  [[-0.8642795087414036, -0.09588814454161206, 0...  268.4   \n",
      "\n",
      "                                                      q  interp_dist  \n",
      "0     [0.06164954886680629, 0.18593552125506285, 0.0...          0.0  \n",
      "1     [0.0811436023569394, 0.2441870706374587, 0.040...          0.0  \n",
      "2     [0.10140595695741439, 0.3049633047415341, 0.05...          0.0  \n",
      "3     [0.12177856290696099, 0.36612849967825944, 0.0...          0.0  \n",
      "4     [0.12177856290696099, 0.36612849967825944, 0.0...          0.0  \n",
      "...                                                 ...          ...  \n",
      "1008  [0.25002212448683725, -0.9998992790551666, -0....          0.0  \n",
      "1009  [0.2500207432777213, -0.9998982695703083, -0.2...          0.0  \n",
      "1010  [0.25002917142891334, -0.9998805859924493, -0....          0.0  \n",
      "1011  [0.25005724879333435, -0.9998353451263302, -0....          0.0  \n",
      "1012  [0.2500948888732113, -0.9997942170556255, -0.2...          0.0  \n",
      "\n",
      "[1013 rows x 5 columns]\n"
     ]
    }
   ],
   "source": [
    "# df = utils.open_df_from_pickle('obs_single_marker_2023-11-01-11-12-21_20240106-183157.p')\n",
    "df = pd.read_pickle('obs_single_marker_2023-11-01-11-12-21_20240106-185908.p')\n",
    "print(df)"
   ]
  },
  {
   "cell_type": "code",
   "execution_count": 9,
   "id": "c1c6c6ba",
   "metadata": {},
   "outputs": [
    {
     "name": "stdout",
     "output_type": "stream",
     "text": [
      "[{'marker_id': 2, 'mat': array([[-0.65129596,  0.10584934,  0.75140501,  1.36118988],\n",
      "       [ 0.07335671,  0.99436804, -0.07649174, -0.14977664],\n",
      "       [-0.75526973,  0.00530184, -0.65539265,  0.05316793],\n",
      "       [ 0.        ,  0.        ,  0.        ,  1.        ]]), 't': 32.2, 'q': array([ 6.16495489e-02,  1.85935521e-01,  3.11221361e-02,  1.83329306e-01,\n",
      "       -4.39026464e-06,  1.09010803e-01,  1.49311960e-02]), 'interp_dist': 0.0}, {'marker_id': 2, 'mat': array([[-0.62196467,  0.13994135,  0.77043907,  1.31780723],\n",
      "       [ 0.09471675,  0.9901218 , -0.10338067, -0.19417861],\n",
      "       [-0.77729575,  0.00867436, -0.62907557,  0.10408574],\n",
      "       [ 0.        ,  0.        ,  0.        ,  1.        ]]), 't': 32.4, 'q': array([8.11436024e-02, 2.44187071e-01, 4.07439551e-02, 2.41083115e-01,\n",
      "       7.66227499e-05, 1.44968791e-01, 2.04622310e-02]), 'interp_dist': 0.0}, {'marker_id': 2, 'mat': array([[-0.58682763,  0.17561501,  0.7904383 ,  1.26792846],\n",
      "       [ 0.11631134,  0.98435547, -0.13234795, -0.23854355],\n",
      "       [-0.80131455,  0.0142715 , -0.598073  ,  0.15718713],\n",
      "       [ 0.        ,  0.        ,  0.        ,  1.        ]]), 't': 32.6, 'q': array([1.01405957e-01, 3.04963305e-01, 5.08378348e-02, 3.01536729e-01,\n",
      "       1.70535771e-04, 1.83171326e-01, 2.65913221e-02]), 'interp_dist': 0.0}, {'marker_id': 1, 'mat': array([[-0.85963192,  0.20944689,  0.46600962,  1.83400903],\n",
      "       [ 0.1932839 ,  0.97763834, -0.08285301, -0.4002178 ],\n",
      "       [-0.47294218,  0.01884907, -0.88089183, -0.50043411],\n",
      "       [ 0.        ,  0.        ,  0.        ,  1.        ]]), 't': 32.8, 'q': array([1.21778563e-01, 3.66128500e-01, 6.10218605e-02, 3.62528689e-01,\n",
      "       2.72963452e-04, 2.22293243e-01, 3.31549036e-02]), 'interp_dist': 0.0}, {'marker_id': 2, 'mat': array([[-0.55201869,  0.20810938,  0.80744402,  1.21528853],\n",
      "       [ 0.1333828 ,  0.97792291, -0.1608596 , -0.2809321 ],\n",
      "       [-0.8230944 ,  0.01890164, -0.56758994,  0.21032784],\n",
      "       [ 0.        ,  0.        ,  0.        ,  1.        ]]), 't': 32.8, 'q': array([1.21778563e-01, 3.66128500e-01, 6.10218605e-02, 3.62528689e-01,\n",
      "       2.72963452e-04, 2.22293243e-01, 3.31549036e-02]), 'interp_dist': 0.0}, {'marker_id': 2, 'mat': array([[-0.51156111,  0.24346813,  0.82403185,  1.15692553],\n",
      "       [ 0.15113818,  0.96956045, -0.19263898, -0.31991564],\n",
      "       [-0.84585015,  0.02599606, -0.53278676,  0.26098549],\n",
      "       [ 0.        ,  0.        ,  0.        ,  1.        ]]), 't': 33.0, 'q': array([1.41891559e-01, 4.26418004e-01, 7.10551790e-02, 4.22742991e-01,\n",
      "       3.79187682e-04, 2.61444876e-01, 4.00268535e-02]), 'interp_dist': 0.0}, {'marker_id': 1, 'mat': array([[-0.80533204,  0.27891027,  0.52311507,  1.76558414],\n",
      "       [ 0.2535083 ,  0.9596848 , -0.12140273, -0.5252441 ],\n",
      "       [-0.53588605,  0.03484451, -0.84357098, -0.34859614],\n",
      "       [ 0.        ,  0.        ,  0.        ,  1.        ]]), 't': 33.2, 'q': array([1.61817086e-01, 4.86056494e-01, 8.09724827e-02, 4.82368678e-01,\n",
      "       4.82382200e-04, 3.00596815e-01, 4.71742997e-02]), 'interp_dist': 0.0}, {'marker_id': 1, 'mat': array([[-0.77390166,  0.31076034,  0.55181902,  1.72270848],\n",
      "       [ 0.27859752,  0.94954767, -0.14402308, -0.58411819],\n",
      "       [-0.56873512,  0.04227571, -0.82143358, -0.27254785],\n",
      "       [ 0.        ,  0.        ,  0.        ,  1.        ]]), 't': 33.4, 'q': array([0.18179029, 0.54584105, 0.09091956, 0.54219019, 0.00057655,\n",
      "       0.34010424, 0.05461217]), 'interp_dist': 0.0}, {'marker_id': 1, 'mat': array([[-0.74103704,  0.34124241,  0.57828861,  1.67426151],\n",
      "       [ 0.30293927,  0.9385101 , -0.16560974, -0.6403679 ],\n",
      "       [-0.59924277,  0.05246338, -0.79884648, -0.19691329],\n",
      "       [ 0.        ,  0.        ,  0.        ,  1.        ]]), 't': 33.6, 'q': array([0.20187391, 0.60601532, 0.10094499, 0.6024486 , 0.00065955,\n",
      "       0.38005428, 0.06233156]), 'interp_dist': 0.0}, {'marker_id': 1, 'mat': array([[-0.70017379,  0.37009614,  0.61056163,  1.61447621],\n",
      "       [ 0.32352738,  0.92678888, -0.19076796, -0.69039223],\n",
      "       [-0.63646421,  0.06396268, -0.76864952, -0.12084462],\n",
      "       [ 0.        ,  0.        ,  0.        ,  1.        ]]), 't': 33.8, 'q': array([0.22192047, 0.66612095, 0.11096835, 0.66267789, 0.0007322 ,\n",
      "       0.42014046, 0.07028144]), 'interp_dist': 0.0}, {'marker_id': 1, 'mat': array([[-0.66722921,  0.3995501 ,  0.62862143,  1.56219338],\n",
      "       [ 0.34783138,  0.91341931, -0.21137287, -0.74170574],\n",
      "       [-0.658649  ,  0.0776201 , -0.74843611, -0.04759144],\n",
      "       [ 0.        ,  0.        ,  0.        ,  1.        ]]), 't': 34.0, 'q': array([0.24183093, 0.72582088, 0.12092505, 0.72252391, 0.00079465,\n",
      "       0.46011311, 0.07841523]), 'interp_dist': 0.0}, {'marker_id': 4, 'mat': array([[-0.63107644, -0.21067657,  0.74656407,  1.56090801],\n",
      "       [-0.41012993,  0.90751695, -0.09058938,  0.74151313],\n",
      "       [-0.65843448, -0.36335709, -0.65911733,  0.02392413],\n",
      "       [ 0.        ,  0.        ,  0.        ,  1.        ]]), 't': 34.8, 'q': array([3.22697875e-01, 9.68266272e-01, 1.61339979e-01, 9.65540914e-01,\n",
      "       9.16153660e-04, 6.22667743e-01, 1.12912294e-01]), 'interp_dist': 0.0}, {'marker_id': 4, 'mat': array([[-0.61390059, -0.16611844,  0.77170638,  1.54226527],\n",
      "       [-0.3938961 ,  0.91166489, -0.11710244,  0.70059377],\n",
      "       [-0.68408474, -0.37586139, -0.62510502,  0.09039556],\n",
      "       [ 0.        ,  0.        ,  0.        ,  1.        ]]), 't': 35.0, 'q': array([3.41887357e-01, 1.02581180e+00, 1.70935215e-01, 1.02325888e+00,\n",
      "       9.29917587e-04, 6.61630265e-01, 1.21710107e-01]), 'interp_dist': 0.0}, {'marker_id': 4, 'mat': array([[-0.59869623, -0.12225571,  0.79159103,  1.52489618],\n",
      "       [-0.37913834,  0.91381039, -0.14561832,  0.66620398],\n",
      "       [-0.70556144, -0.38730364, -0.59344667,  0.15265066],\n",
      "       [ 0.        ,  0.        ,  0.        ,  1.        ]]), 't': 35.2, 'q': array([3.59727974e-01, 1.07930782e+00, 1.79856282e-01, 1.07694535e+00,\n",
      "       9.42365209e-04, 6.98176110e-01, 1.30331979e-01]), 'interp_dist': 0.0}, {'marker_id': 4, 'mat': array([[-0.58701831, -0.0912385 ,  0.80441596,  1.50659662],\n",
      "       [-0.37142805,  0.91323385, -0.16746681,  0.63755813],\n",
      "       [-0.71934047, -0.39708874, -0.56997353,  0.2092721 ],\n",
      "       [ 0.        ,  0.        ,  0.        ,  1.        ]]), 't': 35.4, 'q': array([3.75961821e-01, 1.12798176e+00, 1.87974660e-01, 1.12582286e+00,\n",
      "       9.53207729e-04, 7.31772449e-01, 1.38677681e-01]), 'interp_dist': 0.0}, {'marker_id': 4, 'mat': array([[-0.57223935, -0.06250198,  0.81770143,  1.48828266],\n",
      "       [-0.36368084,  0.91302486, -0.184721  ,  0.61392349],\n",
      "       [-0.73503631, -0.40308696, -0.54519952,  0.25620601],\n",
      "       [ 0.        ,  0.        ,  0.        ,  1.        ]]), 't': 35.6, 'q': array([3.89128480e-01, 1.16745042e+00, 1.94562897e-01, 1.16553539e+00,\n",
      "       9.74770442e-04, 7.59799593e-01, 1.46412543e-01]), 'interp_dist': 0.0}, {'marker_id': 4, 'mat': array([[-0.56125398, -0.04064366,  0.82664507,  1.47490655],\n",
      "       [-0.35755897,  0.912683  , -0.19789221,  0.5959023 ],\n",
      "       [-0.74642184, -0.40664214, -0.52677947,  0.28618357],\n",
      "       [ 0.        ,  0.        ,  0.        ,  1.        ]]), 't': 35.8, 'q': array([3.97238158e-01, 1.19174061e+00, 1.98628509e-01, 1.19013901e+00,\n",
      "       1.02010032e-03, 7.78624916e-01, 1.53055232e-01]), 'interp_dist': 0.0}, {'marker_id': 4, 'mat': array([[-0.55860726, -0.03135693,  0.82883936,  1.47339068],\n",
      "       [-0.35591274,  0.91167132, -0.20538144,  0.58715046],\n",
      "       [-0.74918893, -0.40972204, -0.52042654,  0.29949236],\n",
      "       [ 0.        ,  0.        ,  0.        ,  1.        ]]), 't': 36.0, 'q': array([3.99861209e-01, 1.19956518e+00, 1.99955409e-01, 1.19832934e+00,\n",
      "       1.08133617e-03, 7.87240228e-01, 1.58367278e-01]), 'interp_dist': 0.0}, {'marker_id': 4, 'mat': array([[-0.55830759, -0.02507431,  0.82925504,  1.47404217],\n",
      "       [-0.35183836,  0.91236301, -0.20929286,  0.5806666 ],\n",
      "       [-0.75133375, -0.40861352, -0.5182013 ,  0.30380794],\n",
      "       [ 0.        ,  0.        ,  0.        ,  1.        ]]), 't': 36.2, 'q': array([3.99955679e-01, 1.19981030e+00, 2.00015982e-01, 1.19890196e+00,\n",
      "       1.11899458e-03, 7.90590229e-01, 1.62763542e-01]), 'interp_dist': 0.0}, {'marker_id': 4, 'mat': array([[-0.55786208, -0.01942372,  0.82970635,  1.47522736],\n",
      "       [-0.34924255,  0.91239549, -0.21345752,  0.57488741],\n",
      "       [-0.75287419, -0.40884862, -0.51577443,  0.30694482],\n",
      "       [ 0.        ,  0.        ,  0.        ,  1.        ]]), 't': 36.4, 'q': array([3.99972241e-01, 1.19983414e+00, 2.00032152e-01, 1.19916681e+00,\n",
      "       1.11516906e-03, 7.93014426e-01, 1.66685330e-01]), 'interp_dist': 0.0}, {'marker_id': 4, 'mat': array([[-0.55852551, -0.01831021,  0.82928523,  1.47786627],\n",
      "       [-0.34897651,  0.91215948, -0.21489644,  0.57070616],\n",
      "       [-0.75250558, -0.40942621, -0.51585417,  0.30965163],\n",
      "       [ 0.        ,  0.        ,  0.        ,  1.        ]]), 't': 36.6, 'q': array([3.99983296e-01, 1.19985047e+00, 2.00041608e-01, 1.19935914e+00,\n",
      "       1.08254960e-03, 7.94831773e-01, 1.70193157e-01]), 'interp_dist': 0.0}, {'marker_id': 4, 'mat': array([[-0.55712519, -0.01313478,  0.83032463,  1.47638788],\n",
      "       [-0.34651266,  0.91234599, -0.21806829,  0.56463638],\n",
      "       [-0.75467907, -0.40920933, -0.5128423 ,  0.31060996],\n",
      "       [ 0.        ,  0.        ,  0.        ,  1.        ]]), 't': 36.8, 'q': array([3.99990518e-01, 1.19986163e+00, 2.00046391e-01, 1.19949864e+00,\n",
      "       1.03115949e-03, 7.96193819e-01, 1.73331059e-01]), 'interp_dist': 0.0}, {'marker_id': 4, 'mat': array([[-0.55801567, -0.00942197,  0.82977692,  1.47832324],\n",
      "       [-0.3450987 ,  0.91200187, -0.22171938,  0.56121787],\n",
      "       [-0.75466907, -0.41007782, -0.51216284,  0.31183222],\n",
      "       [ 0.        ,  0.        ,  0.        ,  1.        ]]), 't': 37.0, 'q': array([3.99995088e-01, 1.19986925e+00, 2.00047970e-01, 1.19959968e+00,\n",
      "       9.68283456e-04, 7.97214324e-01, 1.76138307e-01]), 'interp_dist': 0.0}, {'marker_id': 4, 'mat': array([[-0.55797578, -0.00810674,  0.82981763,  1.47887028],\n",
      "       [-0.34444186,  0.91201231, -0.22269564,  0.55749875],\n",
      "       [-0.75499856, -0.41008271, -0.51167308,  0.31301049],\n",
      "       [ 0.        ,  0.        ,  0.        ,  1.        ]]), 't': 37.2, 'q': array([3.99997836e-01, 1.19987444e+00, 2.00047399e-01, 1.19967272e+00,\n",
      "       8.99163586e-04, 7.97978667e-01, 1.78649945e-01]), 'interp_dist': 0.0}, {'marker_id': 4, 'mat': array([[-0.55783032, -0.00490595,  0.82994052,  1.48042545],\n",
      "       [-0.34147305,  0.91277957, -0.22411964,  0.5547254 ],\n",
      "       [-0.75645323, -0.40842306, -0.51085137,  0.31361551],\n",
      "       [ 0.        ,  0.        ,  0.        ,  1.        ]]), 't': 37.4, 'q': array([3.99999347e-01, 1.19987798e+00, 2.00045429e-01, 1.19972540e+00,\n",
      "       8.27522816e-04, 7.98550919e-01, 1.80897254e-01]), 'interp_dist': 0.0}, {'marker_id': 4, 'mat': array([[-0.55903707, -0.00273675,  0.82913814,  1.48018855],\n",
      "       [-0.34166808,  0.91190581, -0.22735592,  0.55173468],\n",
      "       [-0.75547367, -0.41039043, -0.51072422,  0.31408253],\n",
      "       [ 0.        ,  0.        ,  0.        ,  1.        ]]), 't': 37.6, 'q': array([4.00000029e-01, 1.19988039e+00, 2.00042594e-01, 1.19976326e+00,\n",
      "       7.55958223e-04, 7.98979150e-01, 1.82908170e-01]), 'interp_dist': 0.0}, {'marker_id': 4, 'mat': array([[-0.55966491, -0.00242929,  0.82871545,  1.48110467],\n",
      "       [-0.34162804,  0.91174937, -0.22804247,  0.5491952 ],\n",
      "       [-0.7550268 , -0.4107398 , -0.51110404,  0.31429738],\n",
      "       [ 0.        ,  0.        ,  0.        ,  1.        ]]), 't': 37.8, 'q': array([4.00000165e-01, 1.19988205e+00, 2.00039267e-01, 1.19979037e+00,\n",
      "       6.86236236e-04, 7.99299428e-01, 1.84707650e-01]), 'interp_dist': 0.0}, {'marker_id': 4, 'mat': array([[-5.62027725e-01, -5.30283642e-05,  8.27118391e-01,\n",
      "         1.48329500e+00],\n",
      "       [-3.39893178e-01,  9.11678752e-01, -2.30899285e-01,\n",
      "         5.47436737e-01],\n",
      "       [-7.54054019e-01, -4.10903699e-01, -5.12406760e-01,\n",
      "         3.14791451e-01],\n",
      "       [ 0.00000000e+00,  0.00000000e+00,  0.00000000e+00,\n",
      "         1.00000000e+00]]), 't': 38.0, 'q': array([3.99999953e-01, 1.19988319e+00, 2.00035708e-01, 1.19980967e+00,\n",
      "       6.19513925e-04, 7.99538806e-01, 1.86317995e-01]), 'interp_dist': 0.0}, {'marker_id': 4, 'mat': array([[-5.61019018e-01,  4.07200969e-04,  8.27802812e-01,\n",
      "         1.48489680e+00],\n",
      "       [-3.38962145e-01,  9.12209557e-01, -2.30170349e-01,\n",
      "         5.45941556e-01],\n",
      "       [-7.55223362e-01, -4.09723760e-01, -5.11628884e-01,\n",
      "         3.15422794e-01],\n",
      "       [ 0.00000000e+00,  0.00000000e+00,  0.00000000e+00,\n",
      "         1.00000000e+00]]), 't': 38.2, 'q': array([3.99999528e-01, 1.19988399e+00, 2.00032094e-01, 1.19982331e+00,\n",
      "       5.56504640e-04, 7.99717575e-01, 1.87759136e-01]), 'interp_dist': 0.0}, {'marker_id': 4, 'mat': array([[-0.56117092,  0.00205588,  0.82769739,  1.48426309],\n",
      "       [-0.33761249,  0.91245866, -0.23116446,  0.5436062 ],\n",
      "       [-0.7557149 , -0.40916375, -0.51135117,  0.31526485],\n",
      "       [ 0.        ,  0.        ,  0.        ,  1.        ]]), 't': 38.4, 'q': array([3.99998982e-01, 1.19988457e+00, 2.00028545e-01, 1.19983286e+00,\n",
      "       4.97601729e-04, 7.99850953e-01, 1.89048893e-01]), 'interp_dist': 0.0}, {'marker_id': 4, 'mat': array([[-0.55950709,  0.00268115,  0.82882123,  1.4835157 ],\n",
      "       [-0.33848389,  0.91206371, -0.2314486 ,  0.54119551],\n",
      "       [-0.75655831, -0.41003976, -0.50939858,  0.31536135],\n",
      "       [ 0.        ,  0.        ,  0.        ,  1.        ]]), 't': 38.6, 'q': array([3.99998377e-01, 1.19988498e+00, 2.00025135e-01, 1.19983946e+00,\n",
      "       4.42970714e-04, 7.99950351e-01, 1.90203200e-01]), 'interp_dist': 0.0}, {'marker_id': 4, 'mat': array([[-0.56180062,  0.00423155,  0.82726184,  1.48604741],\n",
      "       [-0.33742155,  0.91185499, -0.23381013,  0.54059539],\n",
      "       [-0.75533221, -0.41049065, -0.51085289,  0.31594089],\n",
      "       [ 0.        ,  0.        ,  0.        ,  1.        ]]), 't': 38.8, 'q': array([3.99997754e-01, 1.19988529e+00, 2.00021912e-01, 1.19984394e+00,\n",
      "       3.92617724e-04, 8.00024322e-01, 1.91236304e-01]), 'interp_dist': 0.0}, {'marker_id': 4, 'mat': array([[-0.56189011,  0.00545856,  0.82719387,  1.48533154],\n",
      "       [-0.33644571,  0.91202382, -0.23455668,  0.53927312],\n",
      "       [-0.75570086, -0.4101009 , -0.51062066,  0.31524203],\n",
      "       [ 0.        ,  0.        ,  0.        ,  1.        ]]), 't': 39.0, 'q': array([3.99997139e-01, 1.19988554e+00, 2.00018900e-01, 1.19984690e+00,\n",
      "       3.46440083e-04, 8.00079279e-01, 1.92160950e-01]), 'interp_dist': 0.0}, {'marker_id': 4, 'mat': array([[-0.56116946,  0.00623347,  0.82767746,  1.48554774],\n",
      "       [-0.33698865,  0.91162003, -0.23534566,  0.53775881],\n",
      "       [-0.75599437, -0.4109867 , -0.50947271,  0.31555449],\n",
      "       [ 0.        ,  0.        ,  0.        ,  1.        ]]), 't': 39.2, 'q': array([3.99996549e-01, 1.19988573e+00, 2.00016111e-01, 1.19984878e+00,\n",
      "       3.04263494e-04, 8.00120024e-01, 1.92988539e-01]), 'interp_dist': 0.0}, {'marker_id': 4, 'mat': array([[-0.55842583,  0.00633479,  0.82953027,  1.48439343],\n",
      "       [-0.33633528,  0.91236568, -0.23338262,  0.53601084],\n",
      "       [-0.75831337, -0.40932718, -0.50735795,  0.31502268],\n",
      "       [ 0.        ,  0.        ,  0.        ,  1.        ]]), 't': 39.4, 'q': array([3.99995993e-01, 1.19988589e+00, 2.00013545e-01, 1.19984990e+00,\n",
      "       2.65869166e-04, 8.00150159e-01, 1.93729269e-01]), 'interp_dist': 0.0}, {'marker_id': 4, 'mat': array([[-0.56072913,  0.00600086,  0.82797756,  1.48609215],\n",
      "       [-0.33542951,  0.91259833, -0.23377623,  0.5358736 ],\n",
      "       [-0.7570138 , -0.40881325, -0.5097076 ,  0.31514837],\n",
      "       [ 0.        ,  0.        ,  0.        ,  1.        ]]), 't': 39.6, 'q': array([3.99995475e-01, 1.19988603e+00, 2.00011198e-01, 1.19985049e+00,\n",
      "       2.31013426e-04, 8.00172378e-01, 1.94392263e-01]), 'interp_dist': 0.0}, {'marker_id': 4, 'mat': array([[-0.5589972 ,  0.0058111 ,  0.82914918,  1.48565985],\n",
      "       [-0.33697229,  0.91208189, -0.23357289,  0.53463021],\n",
      "       [-0.75760927, -0.40996689, -0.50789304,  0.31532397],\n",
      "       [ 0.        ,  0.        ,  0.        ,  1.        ]]), 't': 39.8, 'q': array([3.99994999e-01, 1.19988615e+00, 2.00009058e-01, 1.19985071e+00,\n",
      "       1.99441705e-04, 8.00188698e-01, 1.94985687e-01]), 'interp_dist': 0.0}, {'marker_id': 4, 'mat': array([[-0.56079289,  0.00870959,  0.82791031,  1.48662468],\n",
      "       [-0.33460142,  0.91226717, -0.23624246,  0.53423893],\n",
      "       [-0.75733297, -0.40950306, -0.50867871,  0.31552601],\n",
      "       [ 0.        ,  0.        ,  0.        ,  1.        ]]), 't': 40.0, 'q': array([3.99994563e-01, 1.19988626e+00, 2.00007116e-01, 1.19985068e+00,\n",
      "       1.70898361e-04, 8.00200629e-01, 1.95516844e-01]), 'interp_dist': 0.0}, {'marker_id': 4, 'mat': array([[-0.56086875,  0.00953412,  0.82784983,  1.4863129 ],\n",
      "       [-0.33392794,  0.9123839 , -0.23674405,  0.53307434],\n",
      "       [-0.75757401, -0.40922452, -0.50854391,  0.31544835],\n",
      "       [ 0.        ,  0.        ,  0.        ,  1.        ]]), 't': 40.2, 'q': array([3.99994167e-01, 1.19988636e+00, 2.00005356e-01, 1.19985049e+00,\n",
      "       1.45133393e-04, 8.00209300e-01, 1.95992272e-01]), 'interp_dist': 0.0}, {'marker_id': 4, 'mat': array([[-0.56058129,  0.00624766,  0.82807583,  1.48758364],\n",
      "       [-0.33661425,  0.91190997, -0.23475743,  0.53297598],\n",
      "       [-0.75659729, -0.41034275, -0.50909661,  0.31576445],\n",
      "       [ 0.        ,  0.        ,  0.        ,  1.        ]]), 't': 40.4, 'q': array([3.99993808e-01, 1.19988645e+00, 2.00003766e-01, 1.19985020e+00,\n",
      "       1.21906896e-04, 8.00215555e-01, 1.96417821e-01]), 'interp_dist': 0.0}, {'marker_id': 4, 'mat': array([[-0.56176386,  0.00971829,  0.82724055,  1.48578778],\n",
      "       [-0.33573483,  0.91121144, -0.23869612,  0.531533  ],\n",
      "       [-0.75611077, -0.41182432, -0.50862288,  0.31480886],\n",
      "       [ 0.        ,  0.        ,  0.        ,  1.        ]]), 't': 40.6, 'q': array([3.99993483e-01, 1.19988653e+00, 2.00002331e-01, 1.19984985e+00,\n",
      "       1.00991835e-04, 8.00220024e-01, 1.96798726e-01]), 'interp_dist': 0.0}, {'marker_id': 4, 'mat': array([[-0.55886029,  0.00646007,  0.82923666,  1.48674284],\n",
      "       [-0.33786213,  0.91143712, -0.23480109,  0.5315766 ],\n",
      "       [-0.75731391, -0.41138867, -0.5071834 ,  0.31531788],\n",
      "       [ 0.        ,  0.        ,  0.        ,  1.        ]]), 't': 40.8, 'q': array([3.99993190e-01, 1.19988660e+00, 2.00001038e-01, 1.19984947e+00,\n",
      "       8.21756252e-05, 8.00223175e-01, 1.97139672e-01]), 'interp_dist': 0.0}, {'marker_id': 4, 'mat': array([[-0.56328056,  0.00932926,  0.82621303,  1.48802858],\n",
      "       [-0.33604259,  0.91091677, -0.23938673,  0.53104111],\n",
      "       [-0.75484461, -0.41248466, -0.50996668,  0.31532769],\n",
      "       [ 0.        ,  0.        ,  0.        ,  1.        ]]), 't': 41.0, 'q': array([3.99992927e-01, 1.19988667e+00, 1.99999874e-01, 1.19984908e+00,\n",
      "       6.52608494e-05, 8.00225360e-01, 1.97444852e-01]), 'interp_dist': 0.0}, {'marker_id': 4, 'mat': array([[-0.5615398 ,  0.01022296,  0.82738658,  1.48687871],\n",
      "       [-0.33360194,  0.91225871, -0.23768424,  0.53037477],\n",
      "       [-0.75722045, -0.40948692, -0.50885917,  0.31505426],\n",
      "       [ 0.        ,  0.        ,  0.        ,  1.        ]]), 't': 41.2, 'q': array([3.99992751e-01, 1.19995865e+00, 1.99998146e-01, 1.19984410e+00,\n",
      "       2.53476523e-04, 8.00099131e-01, 1.97698883e-01]), 'interp_dist': 0.0}, {'marker_id': 4, 'mat': array([[-0.56499811,  0.01212661,  0.82500308,  1.48902439],\n",
      "       [-0.33060339,  0.91278894, -0.23982859,  0.52778269],\n",
      "       [-0.75596199, -0.40825152, -0.51171492,  0.31578727],\n",
      "       [ 0.        ,  0.        ,  0.        ,  1.        ]]), 't': 41.4, 'q': array([0.3999937 , 1.20087997, 0.19998929, 1.19979498, 0.00283959,\n",
      "       0.79845734, 0.19774331]), 'interp_dist': 0.0}, {'marker_id': 4, 'mat': array([[-0.56424047,  0.01276885,  0.82551175,  1.48932932],\n",
      "       [-0.3281248 ,  0.91405327, -0.23841297,  0.51864458],\n",
      "       [-0.75760597, -0.40539312, -0.51155606,  0.31637163],\n",
      "       [ 0.        ,  0.        ,  0.        ,  1.        ]]), 't': 41.6, 'q': array([0.39999741, 1.20318188, 0.19997213, 1.19970981, 0.00932331,\n",
      "       0.79430627, 0.19761698]), 'interp_dist': 0.0}, {'marker_id': 4, 'mat': array([[-0.56842709,  0.02047738,  0.82247876,  1.49238705],\n",
      "       [-0.31663879,  0.9172433 , -0.24167045,  0.50585813],\n",
      "       [-0.75936191, -0.39780072, -0.51490201,  0.31726331],\n",
      "       [ 0.        ,  0.        ,  0.        ,  1.        ]]), 't': 41.8, 'q': array([0.40000515, 1.20665489, 0.1999531 , 1.1996512 , 0.01910372,\n",
      "       0.78795677, 0.19761898]), 'interp_dist': 0.0}, {'marker_id': 4, 'mat': array([[-0.57341325,  0.02483626,  0.81888974,  1.49482552],\n",
      "       [-0.30843993,  0.91945321, -0.24386594,  0.48955228],\n",
      "       [-0.75898752, -0.39241426, -0.51956617,  0.31724253],\n",
      "       [ 0.        ,  0.        ,  0.        ,  1.        ]]), 't': 42.0, 'q': array([0.40001676, 1.21082499, 0.19993828, 1.19966544, 0.03084498,\n",
      "       0.78021869, 0.19800614]), 'interp_dist': 0.0}, {'marker_id': 4, 'mat': array([[-0.57570334,  0.03315887,  0.81698602,  1.49750795],\n",
      "       [-0.29568346,  0.92311509, -0.24582479,  0.47092651],\n",
      "       [-0.76232339, -0.38309141, -0.52163591,  0.31724724],\n",
      "       [ 0.        ,  0.        ,  0.        ,  1.        ]]), 't': 42.2, 'q': array([0.40002959, 1.21539421, 0.19992779, 1.19972397, 0.0437777 ,\n",
      "       0.77162178, 0.19867073]), 'interp_dist': 0.0}, {'marker_id': 4, 'mat': array([[-0.5845429 ,  0.04426169,  0.81015462,  1.50343727],\n",
      "       [-0.27979446,  0.9262654 , -0.25248259,  0.45144032],\n",
      "       [-0.7615935 , -0.37426368, -0.52905769,  0.31744804],\n",
      "       [ 0.        ,  0.        ,  0.        ,  1.        ]]), 't': 42.4, 'q': array([0.40004017, 1.22027662, 0.19991845, 1.19976082, 0.05776315,\n",
      "       0.76233293, 0.19926639]), 'interp_dist': 0.0}, {'marker_id': 4, 'mat': array([[-0.58869187,  0.05228963,  0.80666454,  1.50582713],\n",
      "       [-0.26754808,  0.92905866, -0.2554761 ,  0.43038452],\n",
      "       [-0.76279742, -0.36621825, -0.53293929,  0.31711638],\n",
      "       [ 0.        ,  0.        ,  0.        ,  1.        ]]), 't': 42.6, 'q': array([0.40004752, 1.22534473, 0.19991   , 1.19976138, 0.07246323,\n",
      "       0.752595  , 0.19966447]), 'interp_dist': 0.0}, {'marker_id': 4, 'mat': array([[-0.59641473,  0.06111289,  0.8003466 ,  1.51074901],\n",
      "       [-0.25325608,  0.93183926, -0.25987872,  0.41001277],\n",
      "       [-0.76167633, -0.35768814, -0.54028545,  0.31601863],\n",
      "       [ 0.        ,  0.        ,  0.        ,  1.        ]]), 't': 42.8, 'q': array([0.40005278, 1.23043511, 0.19990425, 1.19975316, 0.08736279,\n",
      "       0.74271918, 0.19996786]), 'interp_dist': 0.0}, {'marker_id': 4, 'mat': array([[-0.60176986,  0.07099924,  0.79550747,  1.51383629],\n",
      "       [-0.23938003,  0.93421512, -0.26446043,  0.3887216 ],\n",
      "       [-0.7619516 , -0.34957292, -0.5451867 ,  0.3147603 ],\n",
      "       [ 0.        ,  0.        ,  0.        ,  1.        ]]), 't': 43.0, 'q': array([0.40005726, 1.23545761, 0.19990212, 1.1997605 , 0.10214305,\n",
      "       0.73289038, 0.20030502]), 'interp_dist': 0.0}, {'marker_id': 4, 'mat': array([[-0.60705059,  0.08137411,  0.79048582,  1.51666823],\n",
      "       [-0.22507543,  0.93640289, -0.26924091,  0.3672693 ],\n",
      "       [-0.76212245, -0.34136179, -0.55012861,  0.31290164],\n",
      "       [ 0.        ,  0.        ,  0.        ,  1.        ]]), 't': 43.2, 'q': array([0.40006145, 1.24043277, 0.19990269, 1.19978252, 0.11683069,\n",
      "       0.72309481, 0.20069573]), 'interp_dist': 0.0}, {'marker_id': 4, 'mat': array([[-0.61025601,  0.08949253,  0.78713321,  1.51859681],\n",
      "       [-0.2106251 ,  0.93950865, -0.27011215,  0.34551881],\n",
      "       [-0.76369147, -0.33062757, -0.55449143,  0.31083042],\n",
      "       [ 0.        ,  0.        ,  0.        ,  1.        ]]), 't': 43.4, 'q': array([0.40006517, 1.24542031, 0.19990449, 1.19980565, 0.13159133,\n",
      "       0.71324149, 0.2010855 ]), 'interp_dist': 0.0}, {'marker_id': 4, 'mat': array([[-0.61280424,  0.09961452,  0.78393106,  1.51903433],\n",
      "       [-0.19800248,  0.94102271, -0.27435612,  0.32362005],\n",
      "       [-0.76502679, -0.32334689, -0.55693878,  0.30762144],\n",
      "       [ 0.        ,  0.        ,  0.        ,  1.        ]]), 't': 43.6, 'q': array([0.40006822, 1.25043538, 0.19990682, 1.19982155, 0.14647111,\n",
      "       0.70331146, 0.20142873]), 'interp_dist': 0.0}, {'marker_id': 4, 'mat': array([[-0.61876414,  0.11013582,  0.77781813,  1.5233195 ],\n",
      "       [-0.1832279 ,  0.94258183, -0.27922579,  0.3028034 ],\n",
      "       [-0.76390999, -0.31529288, -0.56305588,  0.30606725],\n",
      "       [ 0.        ,  0.        ,  0.        ,  1.        ]]), 't': 43.8, 'q': array([0.40007061, 1.25544081, 0.19990981, 1.19983232, 0.16135986,\n",
      "       0.69337618, 0.20172697]), 'interp_dist': 0.0}, {'marker_id': 4, 'mat': array([[-0.62230213,  0.12160886,  0.77327314,  1.5250142 ],\n",
      "       [-0.1694337 ,  0.94351351, -0.28473581,  0.2808203 ],\n",
      "       [-0.76422005, -0.30821023, -0.56654583,  0.30258012],\n",
      "       [ 0.        ,  0.        ,  0.        ,  1.        ]]), 't': 44.0, 'q': array([0.40007265, 1.26041264, 0.19991364, 1.19984376, 0.17617523,\n",
      "       0.68348458, 0.20200796]), 'interp_dist': 0.0}, {'marker_id': 4, 'mat': array([[-0.62734637,  0.12959187,  0.76788181,  1.52826681],\n",
      "       [-0.15667189,  0.94489092, -0.28746315,  0.25929349],\n",
      "       [-0.76281744, -0.30064446, -0.57247049,  0.29970193],\n",
      "       [ 0.        ,  0.        ,  0.        ,  1.        ]]), 't': 44.2, 'q': array([0.40007479, 1.26539312, 0.19991813, 1.19985849, 0.1910195 ,\n",
      "       0.67356794, 0.20229342]), 'interp_dist': 0.0}, {'marker_id': 4, 'mat': array([[-0.63450987,  0.14140137,  0.75987031,  1.53080147],\n",
      "       [-0.14113441,  0.94539765, -0.29377605,  0.23788398],\n",
      "       [-0.75991993, -0.29364765, -0.57990754,  0.29637821],\n",
      "       [ 0.        ,  0.        ,  0.        ,  1.        ]]), 't': 44.4, 'q': array([0.40007728, 1.27044865, 0.19992296, 1.19987513, 0.20607243,\n",
      "       0.66351048, 0.20258594]), 'interp_dist': 0.0}, {'marker_id': 4, 'mat': array([[-0.63784103,  0.14970608,  0.75547794,  1.53311556],\n",
      "       [-0.12633303,  0.94730178, -0.29437951,  0.21579178],\n",
      "       [-0.759736  , -0.28320914, -0.58531512,  0.29272834],\n",
      "       [ 0.        ,  0.        ,  0.        ,  1.        ]]), 't': 44.6, 'q': array([0.4000799 , 1.27556891, 0.19992808, 1.1998912 , 0.22131355,\n",
      "       0.65332795, 0.20287294]), 'interp_dist': 0.0}, {'marker_id': 4, 'mat': array([[-0.64225217,  0.16193658,  0.74919203,  1.53316177],\n",
      "       [-0.11209073,  0.94707711, -0.30079997,  0.19306498],\n",
      "       [-0.75825314, -0.27716691, -0.59011073,  0.28804916],\n",
      "       [ 0.        ,  0.        ,  0.        ,  1.        ]]), 't': 44.8, 'q': array([0.40008189, 1.28061387, 0.19993373, 1.19990539, 0.23636796,\n",
      "       0.64326695, 0.20313553]), 'interp_dist': 0.0}, {'marker_id': 4, 'mat': array([[-0.64622974,  0.17307888,  0.74325691,  1.53654502],\n",
      "       [-0.09816983,  0.94699623, -0.30587715,  0.17262688],\n",
      "       [-0.75680236, -0.27063231, -0.594986  ,  0.28433472],\n",
      "       [ 0.        ,  0.        ,  0.        ,  1.        ]]), 't': 45.0, 'q': array([0.40008251, 1.28540436, 0.19994004, 1.19991759, 0.25074197,\n",
      "       0.63365192, 0.20335879]), 'interp_dist': 0.0}, {'marker_id': 4, 'mat': array([[-0.65146782,  0.17996934,  0.73702151,  1.53943148],\n",
      "       [-0.08796602,  0.94698698, -0.30899457,  0.15334433],\n",
      "       [-0.75355932, -0.26613287, -0.60110036,  0.28078828],\n",
      "       [ 0.        ,  0.        ,  0.        ,  1.        ]]), 't': 45.2, 'q': array([0.40008167, 1.28985814, 0.19994674, 1.1999281 , 0.26419284,\n",
      "       0.62464412, 0.20353925]), 'interp_dist': 0.0}, {'marker_id': 4, 'mat': array([[-0.65150979,  0.19198089,  0.73394709,  1.53754197],\n",
      "       [-0.07406289,  0.94673384, -0.31338431,  0.13499945],\n",
      "       [-0.75501634, -0.25853119, -0.60258771,  0.27598703],\n",
      "       [ 0.        ,  0.        ,  0.        ,  1.        ]]), 't': 45.4, 'q': array([0.40007933, 1.29390838, 0.19995348, 1.19993639, 0.27652129,\n",
      "       0.61637748, 0.20367058]), 'interp_dist': 0.0}, {'marker_id': 4, 'mat': array([[-0.65375577,  0.1952203 ,  0.73108989,  1.53851068],\n",
      "       [-0.06878869,  0.94681587, -0.31433711,  0.12006704],\n",
      "       [-0.75357249, -0.25579042, -0.6055574 ,  0.27232664],\n",
      "       [ 0.        ,  0.        ,  0.        ,  1.        ]]), 't': 45.6, 'q': array([0.40007378, 1.29718529, 0.19996009, 1.19993974, 0.28671386,\n",
      "       0.60952114, 0.20371041]), 'interp_dist': 0.0}, {'marker_id': 4, 'mat': array([[-0.65802039,  0.20074588,  0.72574807,  1.54180229],\n",
      "       [-0.05997894,  0.94677317, -0.31626426,  0.11084589],\n",
      "       [-0.75060755, -0.25163793, -0.61095553,  0.26994217],\n",
      "       [ 0.        ,  0.        ,  0.        ,  1.        ]]), 't': 45.8, 'q': array([0.40006309, 1.29919348, 0.19996618, 1.19993509, 0.29339478,\n",
      "       0.60498463, 0.20360464]), 'interp_dist': 0.0}, {'marker_id': 4, 'mat': array([[-0.65634729,  0.20293911,  0.72665256,  1.53785564],\n",
      "       [-0.05839683,  0.94658927, -0.31710971,  0.10673363],\n",
      "       [-0.75219548, -0.25056831, -0.6094403 ,  0.26806538],\n",
      "       [ 0.        ,  0.        ,  0.        ,  1.        ]]), 't': 46.0, 'q': array([0.40004792, 1.29983533, 0.19997132, 1.19992279, 0.29622926,\n",
      "       0.6029958 , 0.20334952]), 'interp_dist': 0.0}, {'marker_id': 4, 'mat': array([[-0.66018803,  0.20549989,  0.72244138,  1.54138908],\n",
      "       [-0.05422141,  0.94629521, -0.31872467,  0.10541633],\n",
      "       [-0.74914071, -0.24959001, -0.61359028,  0.26792881],\n",
      "       [ 0.        ,  0.        ,  0.        ,  1.        ]]), 't': 46.2, 'q': array([0.40003344, 1.29986049, 0.19997532, 1.1999093 , 0.29717013,\n",
      "       0.6022774 , 0.20304179]), 'interp_dist': 0.0}, {'marker_id': 4, 'mat': array([[-0.65992699,  0.20507188,  0.72280142,  1.54047149],\n",
      "       [-0.05476944,  0.94633965, -0.31849893,  0.10479729],\n",
      "       [-0.74933082, -0.24977347, -0.6132834 ,  0.26665564],\n",
      "       [ 0.        ,  0.        ,  0.        ,  1.        ]]), 't': 46.4, 'q': array([0.4000226 , 1.29986763, 0.19997837, 1.19989886, 0.29784424,\n",
      "       0.601759  , 0.20275534]), 'interp_dist': 0.0}, {'marker_id': 4, 'mat': array([[-0.66187638,  0.20375579,  0.7213898 ,  1.54344727],\n",
      "       [-0.05541606,  0.94641646, -0.31815866,  0.10471801],\n",
      "       [-0.74756185, -0.25055828, -0.61511936,  0.26723459],\n",
      "       [ 0.        ,  0.        ,  0.        ,  1.        ]]), 't': 46.6, 'q': array([0.40001454, 1.29987294, 0.19998073, 1.1998909 , 0.29834948,\n",
      "       0.60137072, 0.20249194]), 'interp_dist': 0.0}, {'marker_id': 4, 'mat': array([[-0.65779193,  0.20404015,  0.72503613,  1.5408498 ],\n",
      "       [-0.05647668,  0.9465368 , -0.31761371,  0.10450742],\n",
      "       [-0.75107933, -0.24987137, -0.61110076,  0.26616804],\n",
      "       [ 0.        ,  0.        ,  0.        ,  1.        ]]), 't': 46.8, 'q': array([0.40000857, 1.29987688, 0.19998258, 1.19988484, 0.29872868,\n",
      "       0.60107993, 0.2022509 ]), 'interp_dist': 0.0}, {'marker_id': 4, 'mat': array([[-0.65884833,  0.20568993,  0.72360938,  1.54053139],\n",
      "       [-0.053555  ,  0.94662853, -0.31784632,  0.10453304],\n",
      "       [-0.75036707, -0.24816542, -0.6126689 ,  0.26583159],\n",
      "       [ 0.        ,  0.        ,  0.        ,  1.        ]]), 't': 47.0, 'q': array([0.40000413, 1.29987981, 0.19998406, 1.19988025, 0.29901374,\n",
      "       0.60086219, 0.20203115]), 'interp_dist': 0.0}, {'marker_id': 4, 'mat': array([[-0.66140112,  0.20593592,  0.72120659,  1.54122261],\n",
      "       [-0.05355079,  0.94614738, -0.31927646,  0.10431634],\n",
      "       [-0.74811822, -0.24979099, -0.61475491,  0.26569616],\n",
      "       [ 0.        ,  0.        ,  0.        ,  1.        ]]), 't': 47.2, 'q': array([0.40000085, 1.29988198, 0.19998526, 1.19987677, 0.29922847,\n",
      "       0.60069917, 0.20183143]), 'interp_dist': 0.0}, {'marker_id': 4, 'mat': array([[-0.6585875 ,  0.2046921 ,  0.72412958,  1.54007401],\n",
      "       [-0.05459752,  0.94675917, -0.31727935,  0.10394565],\n",
      "       [-0.7505209 , -0.2484919 , -0.61234807,  0.2651959 ],\n",
      "       [ 0.        ,  0.        ,  0.        ,  1.        ]]), 't': 47.4, 'q': array([0.39999843, 1.29988358, 0.19998625, 1.19987416, 0.29939058,\n",
      "       0.60057715, 0.20165036]), 'interp_dist': 0.0}, {'marker_id': 4, 'mat': array([[-0.6585875 ,  0.2046921 ,  0.72412958,  1.54007401],\n",
      "       [-0.05459752,  0.94675917, -0.31727935,  0.10394565],\n",
      "       [-0.7505209 , -0.2484919 , -0.61234807,  0.2651959 ],\n",
      "       [ 0.        ,  0.        ,  0.        ,  1.        ]]), 't': 47.6, 'q': array([0.39999664, 1.29988478, 0.19998708, 1.1998722 , 0.29951329,\n",
      "       0.60048584, 0.20148654]), 'interp_dist': 0.0}, {'marker_id': 4, 'mat': array([[-0.6585875 ,  0.2046921 ,  0.72412958,  1.54007401],\n",
      "       [-0.05459752,  0.94675917, -0.31727935,  0.10394565],\n",
      "       [-0.7505209 , -0.2484919 , -0.61234807,  0.2651959 ],\n",
      "       [ 0.        ,  0.        ,  0.        ,  1.        ]]), 't': 47.8, 'q': array([0.39999527, 1.29988531, 0.20001057, 1.19987033, 0.29960543,\n",
      "       0.60041868, 0.20134012]), 'interp_dist': 0.0}, {'marker_id': 4, 'mat': array([[-0.65925626,  0.20664214,  0.72296626,  1.5412441 ],\n",
      "       [-0.05408314,  0.94597387, -0.31970055,  0.10320597],\n",
      "       [-0.7499708 , -0.24986488, -0.61246334,  0.26404443],\n",
      "       [ 0.        ,  0.        ,  0.        ,  1.        ]]), 't': 48.0, 'q': array([0.39999051, 1.29986511, 0.20163045, 1.19984445, 0.29961088,\n",
      "       0.60043488, 0.20130236]), 'interp_dist': 0.0}, {'marker_id': 4, 'mat': array([[-0.66217334,  0.20826805,  0.71982698,  1.5442571 ],\n",
      "       [-0.05343347,  0.94503256, -0.32258072,  0.09956477],\n",
      "       [-0.74744319, -0.2520672 , -0.61464689,  0.2610435 ],\n",
      "       [ 0.        ,  0.        ,  0.        ,  1.        ]]), 't': 48.2, 'q': array([0.3999782 , 1.2998111 , 0.207257  , 1.19977818, 0.29948565,\n",
