,markerid,t,q,T_W8,T_WC,M,Mx,My,Mz,Mrx,Mry,Mrz,Ex,Ey,Ez,Erx,Ery,Erz,Cx,Cy,Cz,Crx,Cry,Crz,Cmx,Cmy,Cmz,Cmrx,Cmry,Cmrz
0,4,29541000000,"[ 0.04304966 -0.46445367  0.71271903 -0.31531131  0.44661534  0.54494651
 -0.34965555  0.        ]","[[ 0.74430514 -0.66745635  0.02262476 -0.27144293]
 [ 0.50495849  0.58462261  0.63500656  0.24765764]
 [-0.43706611 -0.46121408  0.77217536  1.3345237 ]
 [ 0.          0.          0.          1.        ]]","[[ 0.74430514 -0.66745635  0.02262476 -0.27144293]
 [ 0.50495849  0.58462261  0.63500656  0.24765764]
 [-0.43706611 -0.46121408  0.77217536  1.3345237 ]
 [ 0.          0.          0.          1.        ]]","[[ 1.62942671e-01 -7.83680105e-01  5.99412361e-01  1.20779618e+00]
 [ 2.04694709e-01  6.21164369e-01  7.56475316e-01  1.51635898e+00]
 [-9.65168256e-01 -5.65569698e-04  2.61629353e-01  5.16187176e-01]
 [ 0.00000000e+00  0.00000000e+00  0.00000000e+00  1.00000000e+00]]",1.2077961838014117,1.5163589755833051,0.5161871764496279,-1.2378205933713797,0.6427667624591265,1.365797227814042,-0.2714429306925219,0.2476576419694787,1.3345237047818257,-0.6882274936033097,0.022626694658723245,0.7310171514564097,-0.2714429306925219,0.2476576419694787,1.3345237047818257,-0.6882274936033097,0.022626694658723245,0.7310171514564097,-0.13181226888416847,-0.20720179802560157,2.0993139465148274,-2.368843635528519,-0.07857699113461525,-0.4751510750557446
1,4,29567000000,"[ 0.04304968 -0.46445367  0.71271894 -0.3153113   0.44661656  0.54494664
 -0.34967082  0.        ]","[[ 0.74431467 -0.66744574  0.0226243  -0.27144306]
 [ 0.50495021  0.58462945  0.63500684  0.24765771]
 [-0.43705945 -0.46122076  0.77217514  1.33452365]
 [ 0.          0.          0.          1.        ]]","[[ 0.74431467 -0.66744574  0.0226243  -0.27144306]
 [ 0.50495021  0.58462945  0.63500684  0.24765771]
 [-0.43705945 -0.46122076  0.77217514  1.33452365]
 [ 0.          0.          0.          1.        ]]","[[ 1.62953953e-01 -7.83673439e-01  5.99418009e-01  1.20781737e+00]
 [ 2.04692302e-01  6.21172771e-01  7.56469067e-01  1.51634262e+00]
 [-9.65166862e-01 -5.73373034e-04  2.61634479e-01  5.16200178e-01]
 [ 0.00000000e+00  0.00000000e+00  0.00000000e+00  1.00000000e+00]]",1.20781736616257,1.516342619423847,0.5162001778342531,-1.2378119892824282,0.6427738183900868,1.3657817327577124,-0.27144305652460565,0.24765770651169056,1.334523646265609,-0.6882278547336567,0.022626233075896174,0.7310028858467819,-0.27144305652460565,0.24765770651169056,1.334523646265609,-0.6882278547336567,0.022626233075896174,0.7310028858467819,-0.13181226888416847,-0.20720179802560157,2.0993139465148274,-2.368843635528519,-0.07857699113461525,-0.4751510750557446
2,4,29608000000,"[ 0.04304969 -0.46445367  0.71271885 -0.31531129  0.44661781  0.54494677
 -0.34968654  0.        ]","[[ 0.74432449 -0.66743481  0.02262383 -0.27144319]
 [ 0.50494168  0.5846365   0.63500714  0.24765777]
 [-0.43705258 -0.46122765  0.77217491  1.33452359]
 [ 0.          0.          0.          1.        ]]","[[ 0.74432449 -0.66743481  0.02262383 -0.27144319]
 [ 0.50494168  0.5846365   0.63500714  0.24765777]
 [-0.43705258 -0.46122765  0.77217491  1.33452359]
 [ 0.          0.          0.          1.        ]]","[[ 1.62965577e-01 -7.83666571e-01  5.99423828e-01  1.20783919e+00]
 [ 2.04689822e-01  6.21181428e-01  7.56462630e-01  1.51632577e+00]
 [-9.65165425e-01 -5.81412775e-04  2.61639761e-01  5.16213573e-01]
 [ 0.00000000e+00  0.00000000e+00  0.00000000e+00  1.00000000e+00]]",1.2078391900999081,1.5163257674046653,0.5162135734380913,-1.2378031242633023,0.6427810880206102,1.3657657679851187,-0.27144318616993424,0.2476577730095727,1.334523585976173,-0.6882282268069151,0.022625757505179145,0.7309881879456732,-0.27144318616993424,0.2476577730095727,1.334523585976173,-0.6882282268069151,0.022625757505179145,0.7309881879456732,-0.13181226888416847,-0.20720179802560157,2.0993139465148274,-2.368843635528519,-0.07857699113461525,-0.4751510750557446
3,4,29637000000,"[ 0.04304971 -0.46445366  0.71271876 -0.31531127  0.446619    0.5449469
 -0.34970149  0.        ]","[[ 0.74433382 -0.66742442  0.02262338 -0.27144331]
 [ 0.50493357  0.5846432   0.63500742  0.24765784]
 [-0.43704606 -0.46123419  0.7721747   1.33452353]
 [ 0.          0.          0.          1.        ]]","[[ 0.74433382 -0.66742442  0.02262338 -0.27144331]
 [ 0.50493357  0.5846432   0.63500742  0.24765784]
 [-0.43704606 -0.46123419  0.7721747   1.33452353]
 [ 0.          0.          0.          1.        ]]","[[ 1.61226810e-01 -7.85184594e-01  5.97905568e-01  1.20815080e+00]
 [ 2.02182131e-01  6.19260110e-01  7.58708971e-01  1.51627722e+00]
 [-9.65985663e-01 -1.43840541e-03  2.58591627e-01  5.15811740e-01]
 [ 0.00000000e+00  0.00000000e+00  0.00000000e+00  1.00000000e+00]]",1.2081508032186348,1.516277222392637,0.5158117400757518,-1.2423130122484816,0.6408856312150757,1.3682751231637358,-0.2714433093694844,0.24765783618835696,1.3345235286964767,-0.688228580309131,0.022625305575135535,0.7309742207805385,-0.2714433093694844,0.24765783618835696,1.3345235286964767,-0.688228580309131,0.022625305575135535,0.7309742207805385,-0.13179032407976296,-0.20686760607646346,2.0996952116725036,-2.3704704879199,-0.07482383721791086,-0.4750952875414072
4,4,29673000000,"[ 0.04304973 -0.46445366  0.71271868 -0.31531126  0.44662019  0.54494702
 -0.34971638  0.        ]","[[ 0.74434311 -0.66741407  0.02262293 -0.27144343]
 [ 0.5049255   0.58464987  0.6350077   0.2476579 ]
 [-0.43703956 -0.46124071  0.77217448  1.33452347]
 [ 0.          0.          0.          1.        ]]","[[ 0.74434311 -0.66741407  0.02262293 -0.27144343]
 [ 0.5049255   0.58464987  0.6350077   0.2476579 ]
 [-0.43703956 -0.46124071  0.77217448  1.33452347]
 [ 0.          0.          0.          1.        ]]","[[ 0.16497727 -0.78374592  0.59876943  1.20582408]
 [ 0.20315391  0.62107313  0.75696543  1.51470624]
 [-0.96514817 -0.00323974  0.261684    0.51675863]
 [ 0.          0.          0.          1.        ]]",1.2058240771705284,1.5147062403916698,0.5167586330927312,-1.2379561296427077,0.6419637813033976,1.363326827734725,-0.2714434321292478,0.24765789912083733,1.3345234716410177,-0.6882289324332564,0.02262485525183422,0.7309603034274437,-0.2714434321292478,0.24765789912083733,1.3345234716410177,-0.6882289324332564,0.02262485525183422,0.7309603034274437,-0.1320169711989071,-0.20654842020811814,2.096754490573667,-2.3684253920516545,-0.07784531270643802,-0.4726080029449844
5,4,29705000000,"[ 0.04304974 -0.46445366  0.7127186  -0.31531125  0.4466213   0.54494714
 -0.3497304   0.        ]","[[ 0.74435186 -0.66740432  0.0226225  -0.27144355]
 [ 0.50491789  0.58465615  0.63500796  0.24765796]
 [-0.43703344 -0.46124685  0.77217428  1.33452342]
 [ 0.          0.          0.          1.        ]]","[[ 0.74435186 -0.66740432  0.0226225  -0.27144355]
 [ 0.50491789  0.58465615  0.63500796  0.24765796]
 [-0.43703344 -0.46124685  0.77217428  1.33452342]
 [ 0.          0.          0.          1.        ]]","[[ 0.16498761 -0.78373978  0.59877462  1.20584351]
 [ 0.20315168  0.62108084  0.7569597   1.51469124]
 [-0.96514687 -0.0032469   0.2616887   0.51677056]
 [ 0.          0.          0.          1.        ]]",1.2058435056089991,1.514691242100935,0.5167705552707476,-1.2379482440803242,0.6419702615847678,1.3633126098013193,-0.27144354766797446,0.24765795835127896,1.3345234179417622,-0.688229263843839,0.022624431417697544,0.7309472047419465,-0.27144354766797446,0.24765795835127896,1.3345234179417622,-0.688229263843839,0.022624431417697544,0.7309472047419465,-0.1320169711989071,-0.20654842020811814,2.096754490573667,-2.3684253920516545,-0.07784531270643802,-0.4726080029449844
6,4,29740000000,"[ 0.04304976 -0.46445366  0.71271851 -0.31531124  0.44662246  0.54494726
 -0.34974499  0.        ]","[[ 0.74436097 -0.66739418  0.02262206 -0.27144367]
 [ 0.50490998  0.58466269  0.63500823  0.24765802]
 [-0.43702707 -0.46125324  0.77217407  1.33452336]
 [ 0.          0.          0.          1.        ]]","[[ 0.74436097 -0.66739418  0.02262206 -0.27144367]
 [ 0.50490998  0.58466269  0.63500823  0.24765802]
 [-0.43702707 -0.46125324  0.77217407  1.33452336]
 [ 0.          0.          0.          1.        ]]","[[ 0.1666413  -0.78244794  0.60000491  1.20498789]
 [ 0.20587101  0.62271186  0.75488215  1.5137384 ]
 [-0.96428616 -0.00227093  0.26485286  0.51692773]
 [ 0.          0.          0.          1.        ]]",1.2049878879252975,1.5137383977214809,0.516927731329803,-1.233361567893379,0.6435072470479959,1.3609571707812158,-0.2714436679349379,0.24765801999448184,1.3345233620555144,-0.6882296087545914,0.022623990235324243,0.7309335699884043,-0.2714436679349379,0.24765801999448184,1.3345233620555144,-0.6882296087545914,0.022623990235324243,0.7309335699884043,-0.13198676407113408,-0.2060452410549392,2.095566064369156,-2.3665368296910465,-0.08134226674471767,-0.4728615081405074
7,4,29774000000,"[ 0.04304977 -0.46445366  0.71271843 -0.31531123  0.44662355  0.54494738
 -0.34975868  0.        ]","[[ 0.74436951 -0.66738466  0.02262165 -0.27144378]
 [ 0.50490255  0.58466882  0.63500849  0.24765808]
 [-0.4370211  -0.46125923  0.77217387  1.33452331]
 [ 0.          0.          0.          1.        ]]","[[ 0.74436951 -0.66738466  0.02262165 -0.27144378]
 [ 0.50490255  0.58466882  0.63500849  0.24765808]
 [-0.4370211  -0.46125923  0.77217387  1.33452331]
 [ 0.          0.          0.          1.        ]]","[[ 0.16665142 -0.78244194  0.60000993  1.20500685]
 [ 0.20586882  0.62271938  0.75487655  1.51372376]
 [-0.96428488 -0.00227791  0.26485747  0.51693937]
 [ 0.          0.          0.          1.        ]]",1.2050068487421015,1.5137237604053178,0.5169393669345387,-1.233353819093499,0.6435135237673677,1.3609432349442265,-0.2714437807559465,0.24765807780352764,1.3345233096461548,-0.6882299322121046,0.022623576361763043,0.7309207793378629,-0.2714437807559465,0.24765807780352764,1.3345233096461548,-0.6882299322121046,0.022623576361763043,0.7309207793378629,-0.13198676407113408,-0.2060452410549392,2.095566064369156,-2.3665368296910465,-0.08134226674471767,-0.4728615081405074
8,4,29802000000,"[ 0.04304979 -0.46445365  0.71271835 -0.31531122  0.44662464  0.54494749
 -0.34977236  0.        ]","[[ 0.74437806 -0.66737515  0.02262123 -0.27144389]
 [ 0.50489513  0.58467496  0.63500874  0.24765814]
 [-0.43701512 -0.46126522  0.77217367  1.33452326]
 [ 0.          0.          0.          1.        ]]","[[ 0.74437806 -0.66737515  0.02262123 -0.27144389]
 [ 0.50489513  0.58467496  0.63500874  0.24765814]
 [-0.43701512 -0.46126522  0.77217367  1.33452326]
 [ 0.          0.          0.          1.        ]]","[[ 0.16666154 -0.78243593  0.60001495  1.20502581]
 [ 0.20586663  0.6227269   0.75487094  1.51370912]
 [-0.9642836  -0.0022849   0.26486207  0.516951  ]
 [ 0.          0.          0.          1.        ]]",1.2050258093183595,1.51370912292146,0.5169510027217804,-1.2333460701402839,0.6435198003965681,1.360929298977677,-0.2714438935770711,0.24765813561245498,1.3345232572367958,-0.6882302556692856,0.02262316248779328,0.7309079886871075,-0.2714438935770711,0.24765813561245498,1.3345232572367958,-0.6882302556692856,0.02262316248779328,0.7309079886871075,-0.13198676407113408,-0.2060452410549392,2.095566064369156,-2.3665368296910465,-0.08134226674471767,-0.4728615081405074
9,4,29835000000,"[ 0.0430498  -0.46445365  0.71271827 -0.31531121  0.44662574  0.5449476
 -0.34978618  0.        ]","[[ 0.74438668 -0.66736555  0.02262082 -0.27144401]
 [ 0.50488764  0.58468115  0.635009    0.24765819]
 [-0.43700909 -0.46127127  0.77217347  1.3345232 ]
 [ 0.          0.          0.          1.        ]]","[[ 0.74438668 -0.66736555  0.02262082 -0.27144401]
 [ 0.50488764  0.58468115  0.635009    0.24765819]
 [-0.43700909 -0.46127127  0.77217347  1.3345232 ]
 [ 0.          0.          0.          1.        ]]","[[ 0.16667176 -0.78242987  0.60002002  1.20504495]
 [ 0.20586441  0.62273449  0.75486528  1.51369435]
 [-0.96428231 -0.00229195  0.26486672  0.51696275]
 [ 0.          0.          0.          1.        ]]",1.2050449475356722,1.51369434797741,0.5169627479388806,-1.2333382482773736,0.6435261358190933,1.360915232133685,-0.27144400745642544,0.2476581939539938,1.3345232043449688,-0.6882305821066224,0.02262274472874548,0.7308950780363936,-0.27144400745642544,0.2476581939539938,1.3345232043449688,-0.6882305821066224,0.02262274472874548,0.7308950780363936,-0.13198676407113408,-0.2060452410549392,2.095566064369156,-2.3665368296910465,-0.08134226674471767,-0.4728615081405074
10,4,29870000000,"[ 0.04304982 -0.46445365  0.71271819 -0.3153112   0.44662677  0.54494771
 -0.34979914  0.        ]","[[ 0.74439477 -0.66735654  0.02262042 -0.27144411]
 [ 0.50488061  0.58468695  0.63500924  0.24765825]
 [-0.43700343 -0.46127694  0.77217328  1.33452315]
 [ 0.          0.          0.          1.        ]]","[[ 0.74439477 -0.66735654  0.02262042 -0.27144411]
 [ 0.50488061  0.58468695  0.63500924  0.24765825]
 [-0.43700343 -0.46127694  0.77217328  1.33452315]
 [ 0.          0.          0.          1.        ]]","[[ 0.16668134 -0.78242418  0.60002478  1.2050629 ]
 [ 0.20586233  0.62274161  0.75485998  1.51368049]
 [-0.9642811  -0.00229857  0.26487107  0.51697377]
 [ 0.          0.          0.          1.        ]]",1.2050629007086573,1.5136804876332803,0.5169737663218847,-1.2333309104258658,0.6435320789380854,1.360902036027487,-0.2714441142851961,0.2476582486681767,1.3345231547423748,-0.6882308882477259,0.02262235282939784,0.7308829666667176,-0.2714441142851961,0.2476582486681767,1.3345231547423748,-0.6882308882477259,0.02262235282939784,0.7308829666667176,-0.13198676407113408,-0.2060452410549392,2.095566064369156,-2.3665368296910465,-0.08134226674471767,-0.4728615081405074
11,4,29904000000,"[ 0.04304983 -0.46445365  0.71271812 -0.31531119  0.44662781  0.54494782
 -0.3498121   0.        ]","[[ 0.74440286 -0.66734753  0.02262003 -0.27144422]
 [ 0.50487358  0.58469276  0.63500948  0.2476583 ]
 [-0.43699778 -0.46128262  0.7721731   1.33452311]
 [ 0.          0.          0.          1.        ]]","[[ 0.74440286 -0.66734753  0.02262003 -0.27144422]
 [ 0.50487358  0.58469276  0.63500948  0.2476583 ]
 [-0.43699778 -0.46128262  0.7721731   1.33452311]
 [ 0.          0.          0.          1.        ]]","[[ 0.16669092 -0.78241849  0.60002953  1.20508085]
 [ 0.20586026  0.62274873  0.75485467  1.51366663]
 [-0.96427988 -0.00230518  0.26487543  0.51698478]
 [ 0.          0.          0.          1.        ]]",1.2050808536659583,1.5136666271387988,0.5169847848685157,-1.2333235724368752,0.6435380219762243,1.3608888398051215,-0.27144422111407085,0.24765830338225336,1.3345231051397808,-0.688231194388532,0.02262196092968427,0.7308708552968515,-0.27144422111407085,0.24765830338225336,1.3345231051397808,-0.688231194388532,0.02262196092968427,0.7308708552968515,-0.13198676407113408,-0.2060452410549392,2.095566064369156,-2.3665368296910465,-0.08134226674471767,-0.4728615081405074
12,4,29941000000,"[ 0.04304984 -0.46445365  0.71271804 -0.31531118  0.44662885  0.54494793
 -0.34982518  0.        ]","[[ 0.74441102 -0.66733843  0.02261964 -0.27144433]
 [ 0.50486648  0.58469862  0.63500973  0.24765836]
 [-0.43699207 -0.46128834  0.77217291  1.33452306]
 [ 0.          0.          0.          1.        ]]","[[ 0.74441102 -0.66733843  0.02261964 -0.27144433]
 [ 0.50486648  0.58469862  0.63500973  0.24765836]
 [-0.43699207 -0.46128834  0.77217291  1.33452306]
 [ 0.          0.          0.          1.        ]]","[[ 0.16670059 -0.78241275  0.60003433  1.20509897]
 [ 0.20585816  0.62275592  0.75484931  1.51365264]
 [-0.96427866 -0.00231186  0.26487983  0.51699591]
 [ 0.          0.          0.          1.        ]]",1.2050989748315062,1.5136526364899663,0.5169959070211617,-1.2333161654192546,0.6435440206861935,1.3608755196628195,-0.27144432894491655,0.24765835860121,1.3345230550798204,-0.6882315033542747,0.02262156535158777,0.730858630303171,-0.27144432894491655,0.24765835860121,1.3345230550798204,-0.6882315033542747,0.02262156535158777,0.730858630303171,-0.13198676407113408,-0.2060452410549392,2.095566064369156,-2.3665368296910465,-0.08134226674471767,-0.4728615081405074
13,4,29972000000,"[ 0.04304986 -0.46445364  0.71271797 -0.31531117  0.44662982  0.54494803
 -0.34983745  0.        ]","[[ 0.74441868 -0.6673299   0.02261927 -0.27144443]
 [ 0.50485983  0.58470412  0.63500996  0.24765841]
 [-0.43698671 -0.46129372  0.77217273  1.33452301]
 [ 0.          0.          0.          1.        ]]","[[ 0.74441868 -0.6673299   0.02261927 -0.27144443]
 [ 0.50485983  0.58470412  0.63500996  0.24765841]
 [-0.43698671 -0.46129372  0.77217273  1.33452301]
 [ 0.          0.          0.          1.        ]]","[[ 0.16670966 -0.78240737  0.60003883  1.20511597]
 [ 0.2058562   0.62276266  0.75484428  1.51363951]
 [-0.96427751 -0.00231813  0.26488396  0.51700634]
 [ 0.          0.          0.          1.        ]]",1.2051159739325388,1.5136395119003145,0.5170063408731548,-1.2333092167602295,0.6435496479446887,1.3608630240494293,-0.2714444300995774,0.24765841038820371,1.3345230081318038,-0.6882317931169917,0.02262119426082787,0.730847162147592,-0.2714444300995774,0.24765841038820371,1.3345230081318038,-0.6882317931169917,0.02262119426082787,0.730847162147592,-0.13198676407113408,-0.2060452410549392,2.095566064369156,-2.3665368296910465,-0.08134226674471767,-0.4728615081405074
14,4,30003000000,"[ 0.04304987 -0.46445364  0.7127179  -0.31531116  0.4466308   0.54494813
 -0.34984972  0.        ]","[[ 0.74442634 -0.66732137  0.02261889 -0.27144453]
 [ 0.50485317  0.58470962  0.63501019  0.24765846]
 [-0.43698135 -0.46129909  0.77217255  1.33452296]
 [ 0.          0.          0.          1.        ]]","[[ 0.74442634 -0.66732137  0.02261889 -0.27144453]
 [ 0.50485317  0.58470962  0.63501019  0.24765846]
 [-0.43698135 -0.46129909  0.77217255  1.33452296]
 [ 0.          0.          0.          1.        ]]","[[ 0.16671874 -0.78240198  0.60004333  1.20513297]
 [ 0.20585423  0.62276941  0.75483926  1.51362639]
 [-0.96427636 -0.00232439  0.26488809  0.51701677]
 [ 0.          0.          0.          1.        ]]",1.2051329728401803,1.5136263871758593,0.5170167748718482,-1.233302267977935,0.6435552751306854,1.3608505283318824,-0.27144453125433177,0.24765846217510212,1.334522961183787,-0.6882320828794413,0.022620823169739346,0.7308356939918417,-0.27144453125433177,0.24765846217510212,1.334522961183787,-0.6882320828794413,0.022620823169739346,0.7308356939918417,-0.13198676407113408,-0.2060452410549392,2.095566064369156,-2.3665368296910465,-0.08134226674471767,-0.4728615081405074
15,4,30040000000,"[ 0.04304988 -0.46445364  0.71271783 -0.31531115  0.44663179  0.54494824
 -0.34986211  0.        ]","[[ 0.74443407 -0.66731276  0.02261852 -0.27144463]
 [ 0.50484645  0.58471517  0.63501042  0.24765851]
 [-0.43697594 -0.46130451  0.77217237  1.33452291]
 [ 0.          0.          0.          1.        ]]","[[ 0.74443407 -0.66731276  0.02261852 -0.27144463]
 [ 0.50484645  0.58471517  0.63501042  0.24765851]
 [-0.43697594 -0.46130451  0.77217237  1.33452291]
 [ 0.          0.          0.          1.        ]]","[[ 0.1667279  -0.78239655  0.60004788  1.20515013]
 [ 0.20585224  0.62277621  0.75483418  1.51361314]
 [-0.9642752  -0.00233071  0.26489225  0.51702731]
 [ 0.          0.          0.          1.        ]]",1.2051501310240869,1.5136131392143757,0.5170273069634254,-1.2332952538409323,0.6435609550326964,1.3608379152816745,-0.2714446333577937,0.24765851444054715,1.3345229138022416,-0.688232375319445,0.022620448595937592,0.7308241182494619,-0.2714446333577937,0.24765851444054715,1.3345229138022416,-0.688232375319445,0.022620448595937592,0.7308241182494619,-0.13198676407113408,-0.2060452410549392,2.095566064369156,-2.3665368296910465,-0.08134226674471767,-0.4728615081405074
16,4,30071000000,"[ 0.0430499  -0.46445364  0.71271776 -0.31531114  0.44663271  0.54494833
 -0.34987373  0.        ]","[[ 0.74444132 -0.66730468  0.02261817 -0.27144473]
 [ 0.50484015  0.58472038  0.63501063  0.24765856]
 [-0.43697087 -0.4613096   0.7721722   1.33452287]
 [ 0.          0.          0.          1.        ]]","[[ 0.74444132 -0.66730468  0.02261817 -0.27144473]
 [ 0.50484015  0.58472038  0.63501063  0.24765856]
 [-0.43697087 -0.4613096   0.7721722   1.33452287]
 [ 0.          0.          0.          1.        ]]","[[ 0.16673649 -0.78239145  0.60005214  1.20516623]
 [ 0.20585038  0.6227826   0.75482942  1.51360071]
 [-0.96427411 -0.00233664  0.26489616  0.51703719]
 [ 0.          0.          0.          1.        ]]",1.2051662267748702,1.5136007113455796,0.5170371872496285,-1.2332886737658288,0.6435662832263205,1.3608260830013048,-0.2714447291396059,0.2476585634586763,1.3345228693651152,-0.6882326495895326,0.02262009720981073,0.7308132591551351,-0.2714447291396059,0.2476585634586763,1.3345228693651152,-0.6882326495895326,0.02262009720981073,0.7308132591551351,-0.13198676407113408,-0.2060452410549392,2.095566064369156,-2.3665368296910465,-0.08134226674471767,-0.4728615081405074
17,4,30104000000,"[ 0.04304991 -0.46445364  0.71271769 -0.31531113  0.44663364  0.54494843
 -0.34988535  0.        ]","[[ 0.74444858 -0.6672966   0.02261782 -0.27144482]
 [ 0.50483384  0.58472558  0.63501085  0.24765861]
 [-0.4369658  -0.46131468  0.77217204  1.33452282]
 [ 0.          0.          0.          1.        ]]","[[ 0.74444858 -0.6672966   0.02261782 -0.27144482]
 [ 0.50483384  0.58472558  0.63501085  0.24765861]
 [-0.4369658  -0.46131468  0.77217204  1.33452282]
 [ 0.          0.          0.          1.        ]]","[[ 0.16674508 -0.78238635  0.6000564   1.20518232]
 [ 0.20584852  0.62278898  0.75482466  1.51358828]
 [-0.96427302 -0.00234258  0.26490007  0.51704707]
 [ 0.          0.          0.          1.        ]]",1.2051823223522535,1.5135882833559193,0.517047067667357,-1.2332820935802014,0.6435716113549392,1.3608142506275422,-0.2714448249215016,0.24765861247672,1.3345228249279883,-0.6882329238593794,0.022619745823391213,0.7308024000606546,-0.2714448249215016,0.24765861247672,1.3345228249279883,-0.6882329238593794,0.022619745823391213,0.7308024000606546,-0.13198676407113408,-0.2060452410549392,2.095566064369156,-2.3665368296910465,-0.08134226674471767,-0.4728615081405074
18,4,30137000000,"[ 0.04304992 -0.46445363  0.71271763 -0.31531112  0.44663449  0.54494852
 -0.3498961   0.        ]","[[ 0.74445528 -0.66728913  0.02261749 -0.27144491]
 [ 0.50482801  0.5847304   0.63501105  0.24765866]
 [-0.43696111 -0.46131939  0.77217188  1.33452278]
 [ 0.          0.          0.          1.        ]]","[[ 0.74445528 -0.66728913  0.02261749 -0.27144491]
 [ 0.50482801  0.5847304   0.63501105  0.24765866]
 [-0.43696111 -0.46131939  0.77217188  1.33452278]
 [ 0.          0.          0.          1.        ]]","[[ 0.16675302 -0.78238163  0.60006034  1.20519721]
 [ 0.2058468   0.62279489  0.75482026  1.51357679]
 [-0.96427202 -0.00234806  0.26490368  0.51705621]
 [ 0.          0.          0.          1.        ]]",1.2051972102204151,1.5135767877422475,0.5170562071210054,-1.2332760068380892,0.6435765396864617,1.3608033058831648,-0.2714449135157135,0.24765865779420568,1.3345227838468672,-0.6882331774219743,0.022619420797886924,0.7307923556599789,-0.2714449135157135,0.24765865779420568,1.3345227838468672,-0.6882331774219743,0.022619420797886924,0.7307923556599789,-0.13198676407113408,-0.2060452410549392,2.095566064369156,-2.3665368296910465,-0.08134226674471767,-0.4728615081405074
19,4,30170000000,"[ 0.04304993 -0.46445363  0.71271758 -0.31531112  0.4466351   0.54494858
 -0.34990376  0.        ]","[[ 0.74446007 -0.6672838   0.02261726 -0.27144498]
 [ 0.50482385  0.58473384  0.63501119  0.24765869]
 [-0.43695776 -0.46132274  0.77217177  1.33452275]
 [ 0.          0.          0.          1.        ]]","[[ 0.74446007 -0.6672838   0.02261726 -0.27144498]
 [ 0.50482385  0.58473384  0.63501119  0.24765869]
 [-0.43695776 -0.46132274  0.77217177  1.33452275]
 [ 0.          0.          0.          1.        ]]","[[ 0.16675869 -0.78237826  0.60006315  1.20520783]
 [ 0.20584557  0.6227991   0.75481712  1.51356859]
 [-0.9642713  -0.00235197  0.26490626  0.51706273]
 [ 0.          0.          0.          1.        ]]",1.2052078280365586,1.5135685892357496,0.5170627256686874,-1.233271665560748,0.643580054495994,1.3607955001319914,-0.2714449766975747,0.24765869007813238,1.334522754582982,-0.6882333580558715,0.022619188990225858,0.7307851920765138,-0.2714449766975747,0.24765869007813238,1.334522754582982,-0.6882333580558715,0.022619188990225858,0.7307851920765138,-0.13198676407113408,-0.2060452410549392,2.095566064369156,-2.3665368296910465,-0.08134226674471767,-0.4728615081405074
20,4,31501000000,"[ 0.04305027 -0.46445359  0.71271572 -0.31531088  0.44666051  0.54495122
 -0.35022306  0.        ]","[[ 0.74465932 -0.66706176  0.02260761 -0.27144761]
 [ 0.50465062  0.58487689  0.63501714  0.24766003]
 [-0.43681832 -0.46146249  0.77216716  1.33452154]
 [ 0.          0.          0.          1.        ]]","[[ 0.74465932 -0.66706176  0.02260761 -0.27144761]
 [ 0.50465062  0.58487689  0.63501714  0.24766003]
 [-0.43681832 -0.46146249  0.77216716  1.33452154]
 [ 0.          0.          0.          1.        ]]","[[ 0.16558984 -0.78262628  0.60006342  1.20656044]
 [ 0.20486838  0.62248816  0.75533929  1.51533827]
 [-0.96468075 -0.00214249  0.26341309  0.51681665]
 [ 0.          0.          0.          1.        ]]",1.2065604430768155,1.515338267117476,0.5168166532329056,-1.235249082512441,0.6435803856089004,1.362289187595568,-0.2714476086492015,0.24766003487244553,1.3345215355592996,-0.6882408824937976,0.02260953263925236,0.7304867839934701,-0.2714476086492015,0.24766003487244553,1.3345215355592996,-0.6882408824937976,0.02260953263925236,0.7304867839934701,-0.1328531809212618,-0.2070067773261381,2.0975355545295042,-2.367788391916905,-0.08013988520384618,-0.47348608889045884
21,4,31540000000,"[ 0.04305028 -0.46445359  0.71271568 -0.31531087  0.44666107  0.54495128
 -0.35023011  0.        ]","[[ 0.74466372 -0.66705686  0.02260739 -0.27144767]
 [ 0.5046468   0.58488005  0.63501727  0.24766006]
 [-0.43681524 -0.46146558  0.77216706  1.33452151]
 [ 0.          0.          0.          1.        ]]","[[ 0.74466372 -0.66705686  0.02260739 -0.27144767]
 [ 0.5046468   0.58488005  0.63501727  0.24766006]
 [-0.43681524 -0.46146558  0.77216706  1.33452151]
 [ 0.          0.          0.          1.        ]]","[[ 0.16559505 -0.78262319  0.60006601  1.20657022]
 [ 0.20486726  0.62249204  0.7553364   1.51533072]
 [-0.9646801  -0.00214609  0.26341546  0.51682265]
 [ 0.          0.          0.          1.        ]]",1.2065702172088317,1.515330720892118,0.5168226534598804,-1.2352450947817069,0.6435836291865038,1.362282017179112,-0.27144766675276855,0.2476600645493004,1.3345215086579834,-0.6882410485433859,0.022609319459566457,0.7304801961974521,-0.27144766675276855,0.2476600645493004,1.3345215086579834,-0.6882410485433859,0.022609319459566457,0.7304801961974521,-0.1328531809212618,-0.2070067773261381,2.0975355545295042,-2.367788391916905,-0.08013988520384618,-0.47348608889045884
22,4,31574000000,"[ 0.04305029 -0.46445358  0.71271565 -0.31531087  0.44666149  0.54495132
 -0.35023539  0.        ]","[[ 0.74466701 -0.66705319  0.02260723 -0.27144771]
 [ 0.50464393  0.58488241  0.63501737  0.24766009]
 [-0.43681294 -0.46146789  0.77216698  1.33452149]
 [ 0.          0.          0.          1.        ]]","[[ 0.74466701 -0.66705319  0.02260723 -0.27144771]
 [ 0.50464393  0.58488241  0.63501737  0.24766009]
 [-0.43681294 -0.46146789  0.77216698  1.33452149]
 [ 0.          0.          0.          1.        ]]","[[ 0.16559895 -0.78262088  0.60006796  1.20657754]
 [ 0.20486641  0.62249494  0.75533423  1.51532507]
 [-0.96467961 -0.00214878  0.26341724  0.51682715]
 [ 0.          0.          0.          1.        ]]",1.2065775382428754,1.5153250686205593,0.5168271479767085,-1.23524210772956,0.643586058694265,1.3622766463335543,-0.27144771027136727,0.24766008675799342,1.3345214885276486,-0.6882411728042168,0.022609159784122035,0.7304752617708727,-0.27144771027136727,0.24766008675799342,1.3345214885276486,-0.6882411728042168,0.022609159784122035,0.7304752617708727,-0.1328531809212618,-0.2070067773261381,2.0975355545295042,-2.367788391916905,-0.08013988520384618,-0.47348608889045884
23,4,31607000000,"[ 0.04305029 -0.46445358  0.71271562 -0.31531086  0.44666188  0.54495136
 -0.35024036  0.        ]","[[ 0.74467011 -0.66704973  0.02260708 -0.27144775]
 [ 0.50464124  0.58488464  0.63501747  0.24766011]
 [-0.43681076 -0.46147006  0.77216691  1.33452147]
 [ 0.          0.          0.          1.        ]]","[[ 0.74467011 -0.66704973  0.02260708 -0.27144775]
 [ 0.50464124  0.58488464  0.63501747  0.24766011]
 [-0.43681076 -0.46147006  0.77216691  1.33452147]
 [ 0.          0.          0.          1.        ]]","[[ 0.16560262 -0.7826187   0.60006979  1.20658443]
 [ 0.20486562  0.62249767  0.7553322   1.51531975]
 [-0.96467914 -0.00215132  0.26341891  0.51683138]
 [ 0.          0.          0.          1.        ]]",1.2065844285951193,1.5153197488127401,0.5168313781350221,-1.2352392963654681,0.6435883452775699,1.36227159140243,-0.27144775123006415,0.24766010766027657,1.3345214695814511,-0.6882412897555428,0.02260900950129585,0.7304706176046523,-0.27144775123006415,0.24766010766027657,1.3345214695814511,-0.6882412897555428,0.02260900950129585,0.7304706176046523,-0.1328531809212618,-0.2070067773261381,2.0975355545295042,-2.367788391916905,-0.08013988520384618,-0.47348608889045884
24,4,31641000000,"[ 0.0430503  -0.46445358  0.71271559 -0.31531086  0.44666229  0.54495141
 -0.35024553  0.        ]","[[ 0.74467334 -0.66704613  0.02260693 -0.27144779]
 [ 0.50463843  0.58488696  0.63501756  0.24766013]
 [-0.43680851 -0.46147232  0.77216684  1.33452145]
 [ 0.          0.          0.          1.        ]]","[[ 0.74467334 -0.66704613  0.02260693 -0.27144779]
 [ 0.50463843  0.58488696  0.63501756  0.24766013]
 [-0.43680851 -0.46147232  0.77216684  1.33452145]
 [ 0.          0.          0.          1.        ]]","[[ 0.16560644 -0.78261643  0.60007169  1.2065916 ]
 [ 0.2048648   0.62250051  0.75533008  1.51531421]
 [-0.96467866 -0.00215396  0.26342065  0.51683578]
 [ 0.          0.          0.          1.        ]]",1.206591600883225,1.5153142112846916,0.516835781432302,-1.235236369928404,0.643590725420816,1.362266329593587,-0.2714477938647701,0.2476601294172412,1.334521449860591,-0.6882414114888427,0.022608853068695645,0.7304657833882011,-0.2714477938647701,0.2476601294172412,1.334521449860591,-0.6882414114888427,0.022608853068695645,0.7304657833882011,-0.1328531809212618,-0.2070067773261381,2.0975355545295042,-2.367788391916905,-0.08013988520384618,-0.47348608889045884
25,4,31670000000,"[ 0.0430503  -0.46445358  0.71271556 -0.31531085  0.44666268  0.54495145
 -0.35025038  0.        ]","[[ 0.74467637 -0.66704276  0.02260678 -0.27144783]
 [ 0.5046358   0.58488913  0.63501765  0.24766015]
 [-0.43680639 -0.46147445  0.77216677  1.33452143]
 [ 0.          0.          0.          1.        ]]","[[ 0.74467637 -0.66704276  0.02260678 -0.27144783]
 [ 0.5046358   0.58488913  0.63501765  0.24766015]
 [-0.43680639 -0.46147445  0.77216677  1.33452143]
 [ 0.          0.          0.          1.        ]]","[[ 0.16561003 -0.7826143   0.60007348  1.20659833]
 [ 0.20486402  0.62250318  0.75532809  1.51530902]
 [-0.96467821 -0.00215644  0.26342228  0.51683991]
 [ 0.          0.          0.          1.        ]]",1.2065983290841324,1.5153090165822425,0.5168399121415694,-1.2352336246490845,0.6435929581914079,1.3622613935412407,-0.2714478338596449,0.2476601498260801,1.3345214313617606,-0.6882415256790093,0.02260870632155143,0.7304612484714372,-0.2714478338596449,0.2476601498260801,1.3345214313617606,-0.6882415256790093,0.02260870632155143,0.7304612484714372,-0.1328531809212618,-0.2070067773261381,2.0975355545295042,-2.367788391916905,-0.08013988520384618,-0.47348608889045884
26,4,31702000000,"[ 0.04305031 -0.46445358  0.71271553 -0.31531085  0.44666308  0.54495149
 -0.35025538  0.        ]","[[ 0.74467949 -0.66703928  0.02260663 -0.27144788]
 [ 0.50463309  0.58489137  0.63501775  0.24766017]
 [-0.4368042  -0.46147664  0.77216669  1.33452141]
 [ 0.          0.          0.          1.        ]]","[[ 0.74467949 -0.66703928  0.02260663 -0.27144788]
 [ 0.50463309  0.58489137  0.63501775  0.24766017]
 [-0.4368042  -0.46147664  0.77216669  1.33452141]
 [ 0.          0.          0.          1.        ]]","[[ 1.62799536e-01 -7.83789218e-01  5.99308579e-01  1.20769484e+00]
 [ 2.04634024e-01  6.21026710e-01  7.56604746e-01  1.51665066e+00]
 [-9.65205277e-01 -5.35975645e-04  2.61492802e-01  5.15969600e-01]
 [ 0.00000000e+00  0.00000000e+00  0.00000000e+00  1.00000000e+00]]",1.2076948420353055,1.5166506633049697,0.515969599794016,-1.2380346492726595,0.6426371125038601,1.36600003336609,-0.2714478750665007,0.24766017085335307,1.3345214123023594,-0.68824164332944,0.022608555127471508,0.7304565761329265,-0.2714478750665007,0.24766017085335307,1.3345214123023594,-0.68824164332944,0.022608555127471508,0.7304565761329265,-0.1333178284871021,-0.20721146478023436,2.0994086983528764,-2.3689314966012427,-0.07798261182711386,-0.4756386463589153
27,4,31737000000,"[ 0.04305031 -0.46445358  0.7127155  -0.31531085  0.44666346  0.54495153
 -0.35026015  0.        ]","[[ 0.74468246 -0.66703596  0.02260648 -0.27144791]
 [ 0.5046305   0.5848935   0.63501783  0.24766019]
 [-0.43680212 -0.46147872  0.77216663  1.33452139]
 [ 0.          0.          0.          1.        ]]","[[ 0.74468246 -0.66703596  0.02260648 -0.27144791]
 [ 0.5046305   0.5848935   0.63501783  0.24766019]
 [-0.43680212 -0.46147872  0.77216663  1.33452139]
 [ 0.          0.          0.          1.        ]]","[[ 1.62803061e-01 -7.83787136e-01  5.99310345e-01  1.20770146e+00]
 [ 2.04633273e-01  6.21029336e-01  7.56602794e-01  1.51664555e+00]
 [-9.65204842e-01 -5.38413622e-04  2.61494404e-01  5.15973663e-01]
 [ 0.00000000e+00  0.00000000e+00  0.00000000e+00  1.00000000e+00]]",1.2077014618323922,1.5166455538465324,0.5159736626054579,-1.2380319614741158,0.6426393178194196,1.3659951931517966,-0.27144791437512805,0.24766019091144378,1.3345213941214698,-0.6882417555570779,0.022608410898027564,0.7304521190171709,-0.27144791437512805,0.24766019091144378,1.3345213941214698,-0.6882417555570779,0.022608410898027564,0.7304521190171709,-0.1333178284871021,-0.20721146478023436,2.0994086983528764,-2.3689314966012427,-0.07798261182711386,-0.4756386463589153
28,4,31779000000,"[ 0.04305032 -0.46445358  0.71271548 -0.31531084  0.44666383  0.54495156
 -0.35026479  0.        ]","[[ 0.74468536 -0.66703274  0.02260634 -0.27144795]
 [ 0.50462798  0.58489558  0.63501792  0.24766021]
 [-0.43680009 -0.46148075  0.77216656  1.33452138]
 [ 0.          0.          0.          1.        ]]","[[ 0.74468536 -0.66703274  0.02260634 -0.27144795]
 [ 0.50462798  0.58489558  0.63501792  0.24766021]
 [-0.43680009 -0.46148075  0.77216656  1.33452138]
 [ 0.          0.          0.          1.        ]]","[[ 1.62806491e-01 -7.83785110e-01  5.99312062e-01  1.20770790e+00]
 [ 2.04632542e-01  6.21031891e-01  7.56600894e-01  1.51664058e+00]
 [-9.65204418e-01 -5.40786119e-04  2.61495963e-01  5.15977616e-01]
 [ 0.00000000e+00  0.00000000e+00  0.00000000e+00  1.00000000e+00]]",1.2077079038298106,1.5166405815839652,0.515977616340426,-1.238029345832123,0.6426414639020104,1.3659904829044525,-0.27144795262795823,0.24766021042995467,1.33452137642972,-0.6882418647655326,0.022608270542078923,0.7304477815953305,-0.27144795262795823,0.24766021042995467,1.33452137642972,-0.6882418647655326,0.022608270542078923,0.7304477815953305,-0.1333178284871021,-0.20721146478023436,2.0994086983528764,-2.3689314966012427,-0.07798261182711386,-0.4756386463589153
29,4,31801000000,"[ 0.04305032 -0.46445358  0.71271545 -0.31531084  0.44666419  0.5449516
 -0.35026943  0.        ]","[[ 0.74468825 -0.66702951  0.0226062  -0.27144799]
 [ 0.50462546  0.58489766  0.63501801  0.24766023]
 [-0.43679806 -0.46148278  0.77216649  1.33452136]
 [ 0.          0.          0.          1.        ]]","[[ 0.74468825 -0.66702951  0.0226062  -0.27144799]
 [ 0.50462546  0.58489766  0.63501801  0.24766023]
 [-0.43679806 -0.46148278  0.77216649  1.33452136]
 [ 0.          0.          0.          1.        ]]","[[ 1.62809922e-01 -7.83783084e-01  5.99313780e-01  1.20771435e+00]
 [ 2.04631811e-01  6.21034446e-01  7.56598995e-01  1.51663561e+00]
 [-9.65203995e-01 -5.43158610e-04  2.61497522e-01  5.15981570e-01]
 [ 0.00000000e+00  0.00000000e+00  0.00000000e+00  1.00000000e+00]]",1.2077143457995168,1.5166356093020725,0.5159815700964159,-1.238026730172436,0.6426436099743071,1.3659857726421647,-0.2714479908808017,0.24766022994845188,1.3345213587379696,-0.6882419739739492,0.022608130186084097,0.7304434441734662,-0.2714479908808017,0.24766022994845188,1.3345213587379696,-0.6882419739739492,0.022608130186084097,0.7304434441734662,-0.1333178284871021,-0.20721146478023436,2.0994086983528764,-2.3689314966012427,-0.07798261182711386,-0.4756386463589153
30,4,31834000000,"[ 0.04305033 -0.46445358  0.71271542 -0.31531084  0.44666458  0.54495164
 -0.35027434  0.        ]","[[ 0.74469131 -0.6670261   0.02260606 -0.27144803]
 [ 0.5046228   0.58489986  0.6350181   0.24766025]
 [-0.43679592 -0.46148493  0.77216642  1.33452134]
 [ 0.          0.          0.          1.        ]]","[[ 0.74469131 -0.6670261   0.02260606 -0.27144803]
 [ 0.5046228   0.58489986  0.6350181   0.24766025]
 [-0.43679592 -0.46148493  0.77216642  1.33452134]
 [ 0.          0.          0.          1.        ]]","[[ 1.62813544e-01 -7.83780944e-01  5.99315595e-01  1.20772115e+00]
 [ 2.04631040e-01  6.21037144e-01  7.56596989e-01  1.51663036e+00]
 [-9.65203547e-01 -5.45664109e-04  2.61499168e-01  5.15985746e-01]
 [ 0.00000000e+00  0.00000000e+00  0.00000000e+00  1.00000000e+00]]",1.20772114891218,1.516630358227317,0.5159857455497157,-1.238023967841583,0.6426458763564531,1.3659807982801526,-0.27144803127819034,0.24766025056064453,1.3345213400549185,-0.6882420893016254,0.022607981961137114,0.7304388635714378,-0.27144803127819034,0.24766025056064453,1.3345213400549185,-0.6882420893016254,0.022607981961137114,0.7304388635714378,-0.1333178284871021,-0.20721146478023436,2.0994086983528764,-2.3689314966012427,-0.07798261182711386,-0.4756386463589153
31,4,31874000000,"[ 0.04305033 -0.46445358  0.7127154  -0.31531083  0.44666491  0.54495168
 -0.35027838  0.        ]","[[ 0.74469384 -0.66702328  0.02260593 -0.27144806]
 [ 0.50462061  0.58490167  0.63501817  0.24766027]
 [-0.43679416 -0.4614867   0.77216636  1.33452132]
 [ 0.          0.          0.          1.        ]]","[[ 0.74469384 -0.66702328  0.02260593 -0.27144806]
 [ 0.50462061  0.58490167  0.63501817  0.24766027]
 [-0.43679416 -0.4614867   0.77216636  1.33452132]
 [ 0.          0.          0.          1.        ]]","[[ 1.62816535e-01 -7.83779177e-01  5.99317093e-01  1.20772677e+00]
 [ 2.04630402e-01  6.21039372e-01  7.56595332e-01  1.51662602e+00]
 [-9.65203178e-01 -5.47732634e-04  2.61500527e-01  5.15989193e-01]
 [ 0.00000000e+00  0.00000000e+00  0.00000000e+00  1.00000000e+00]]",1.2077267655190016,1.5166260229414084,0.5159891928147571,-1.2380216872506153,0.6426477474664996,1.365976691449041,-0.2714480646300144,0.2476602675773253,1.3345213246309098,-0.6882421845118571,0.022607859587282952,0.7304350818397829,-0.2714480646300144,0.2476602675773253,1.3345213246309098,-0.6882421845118571,0.022607859587282952,0.7304350818397829,-0.1333178284871021,-0.20721146478023436,2.0994086983528764,-2.3689314966012427,-0.07798261182711386,-0.4756386463589153
32,4,31898000000,"[ 0.04305034 -0.46445358  0.71271537 -0.31531083  0.44666525  0.54495171
 -0.35028269  0.        ]","[[ 0.74469652 -0.66702029  0.0226058  -0.2714481 ]
 [ 0.50461827  0.5849036   0.63501825  0.24766029]
 [-0.43679227 -0.46148858  0.7721663   1.33452131]
 [ 0.          0.          0.          1.        ]]","[[ 0.74469652 -0.66702029  0.0226058  -0.2714481 ]
 [ 0.50461827  0.5849036   0.63501825  0.24766029]
 [-0.43679227 -0.46148858  0.7721663   1.33452131]
